"No."	"PosX"	"PosY"	"PosZ"	"FrontX"	"FrontY"	"FrontZ"	"LeftX"	"LeftY"	"LeftZ"	"UpX"	"UpY"	"UpZ"
1	-10.042200	2.500030	12.542200	0.693560	0.000000	0.720399	0.720399	-0.000000	-0.693560	-0.000000	1.000000	-0.000000
2	-10.007522	2.500030	12.578220	0.693974	0.000000	0.720000	0.720000	-0.000000	-0.693974	-0.000000	1.000000	-0.000000
3	-9.972844	2.500030	12.614240	0.694525	0.000000	0.719469	0.719469	-0.000000	-0.694525	-0.000000	1.000000	-0.000000
4	-9.938166	2.500030	12.650260	0.695213	0.000000	0.718804	0.718804	-0.000000	-0.695213	-0.000000	1.000000	-0.000000
5	-9.903489	2.500030	12.686279	0.696039	0.000000	0.718004	0.718004	-0.000000	-0.696039	-0.000000	1.000000	-0.000000
6	-9.868811	2.500030	12.722299	0.697006	0.000000	0.717065	0.717065	-0.000000	-0.697006	-0.000000	1.000000	-0.000000
7	-9.833936	2.500030	12.758128	0.698174	0.000000	0.715928	0.715928	-0.000000	-0.698174	-0.000000	1.000000	-0.000000
8	-9.798981	2.500030	12.793880	0.699544	0.000000	0.714590	0.714590	-0.000000	-0.699544	-0.000000	1.000000	-0.000000
9	-9.763956	2.500030	12.829563	0.701030	0.000000	0.713132	0.713132	-0.000000	-0.701030	-0.000000	1.000000	-0.000000
10	-9.728860	2.500030	12.865176	0.702551	0.000000	0.711634	0.711634	-0.000000	-0.702551	-0.000000	1.000000	-0.000000
11	-9.693694	2.500030	12.900719	0.704024	0.000000	0.710176	0.710176	-0.000000	-0.704024	-0.000000	1.000000	-0.000000
12	-9.658457	2.500030	12.936191	0.705453	0.000000	0.708757	0.708757	-0.000000	-0.705453	-0.000000	1.000000	-0.000000
13	-9.623149	2.500030	12.971594	0.706884	0.000000	0.707329	0.707329	-0.000000	-0.706884	-0.000000	1.000000	-0.000000
14	-9.587769	2.500030	13.006926	0.708318	0.000000	0.705893	0.705893	-0.000000	-0.708318	-0.000000	1.000000	-0.000000
15	-9.552318	2.500030	13.042186	0.709757	0.000000	0.704447	0.704447	-0.000000	-0.709757	-0.000000	1.000000	-0.000000
16	-9.516795	2.500030	13.077372	0.711201	0.000000	0.702989	0.702989	-0.000000	-0.711201	-0.000000	1.000000	-0.000000
17	-9.481201	2.500030	13.112486	0.712649	0.000000	0.701520	0.701520	-0.000000	-0.712649	-0.000000	1.000000	-0.000000
18	-9.445535	2.500030	13.147528	0.714104	0.000000	0.700040	0.700040	-0.000000	-0.714104	-0.000000	1.000000	-0.000000
19	-9.409797	2.500030	13.182498	0.715562	0.000000	0.698549	0.698549	-0.000000	-0.715562	-0.000000	1.000000	-0.000000
20	-9.373986	2.500030	13.217392	0.717023	0.000000	0.697050	0.697050	-0.000000	-0.717023	-0.000000	1.000000	-0.000000
21	-9.338102	2.500030	13.252209	0.718484	0.000000	0.695543	0.695543	-0.000000	-0.718484	-0.000000	1.000000	-0.000000
22	-9.302144	2.500030	13.286951	0.719923	0.000000	0.694054	0.694054	-0.000000	-0.719923	-0.000000	1.000000	-0.000000
23	-9.266115	2.500030	13.321620	0.721363	0.000000	0.692558	0.692558	-0.000000	-0.721363	-0.000000	1.000000	-0.000000
24	-9.230013	2.500030	13.356213	0.722805	0.000000	0.691052	0.691052	-0.000000	-0.722805	-0.000000	1.000000	-0.000000
25	-9.193838	2.500030	13.390730	0.724251	0.000000	0.689536	0.689536	-0.000000	-0.724251	-0.000000	1.000000	-0.000000
26	-9.157590	2.500030	13.425168	0.725703	0.000000	0.688008	0.688008	-0.000000	-0.725703	-0.000000	1.000000	-0.000000
27	-9.121267	2.500030	13.459529	0.727176	0.000000	0.686451	0.686451	-0.000000	-0.727176	-0.000000	1.000000	-0.000000
28	-9.084871	2.500030	13.493811	0.728654	0.000000	0.684882	0.684882	-0.000000	-0.728654	-0.000000	1.000000	-0.000000
29	-9.048400	2.500030	13.528016	0.730136	0.000000	0.683302	0.683302	-0.000000	-0.730136	-0.000000	1.000000	-0.000000
30	-9.011855	2.500030	13.562141	0.731623	0.000000	0.681710	0.681710	-0.000000	-0.731623	-0.000000	1.000000	-0.000000
31	-8.975236	2.500030	13.596185	0.733115	0.000000	0.680105	0.680105	-0.000000	-0.733115	-0.000000	1.000000	-0.000000
32	-8.938543	2.500030	13.630149	0.734630	0.000000	0.678468	0.678468	-0.000000	-0.734630	-0.000000	1.000000	-0.000000
33	-8.901776	2.500030	13.664034	0.736151	0.000000	0.676817	0.676817	-0.000000	-0.736151	-0.000000	1.000000	-0.000000
34	-8.864933	2.500030	13.697837	0.737677	0.000000	0.675154	0.675154	-0.000000	-0.737677	-0.000000	1.000000	-0.000000
35	-8.828014	2.500030	13.731556	0.739204	0.000000	0.673482	0.673482	-0.000000	-0.739204	-0.000000	1.000000	-0.000000
36	-8.791018	2.500030	13.765191	0.740729	0.000000	0.671804	0.671804	-0.000000	-0.740729	-0.000000	1.000000	-0.000000
37	-8.753948	2.500030	13.798743	0.742228	0.000000	0.670148	0.670148	-0.000000	-0.742228	-0.000000	1.000000	-0.000000
38	-8.716803	2.500030	13.832213	0.743726	0.000000	0.668484	0.668484	-0.000000	-0.743726	-0.000000	1.000000	-0.000000
39	-8.679583	2.500030	13.865601	0.745228	0.000000	0.666810	0.666810	-0.000000	-0.745228	-0.000000	1.000000	-0.000000
40	-8.642287	2.500030	13.898903	0.746733	0.000000	0.665124	0.665124	-0.000000	-0.746733	-0.000000	1.000000	-0.000000
41	-8.604914	2.500030	13.932117	0.748244	0.000000	0.663423	0.663423	-0.000000	-0.748244	-0.000000	1.000000	-0.000000
42	-8.567464	2.500030	13.965246	0.749764	0.000000	0.661705	0.661705	-0.000000	-0.749764	-0.000000	1.000000	-0.000000
43	-8.529938	2.500030	13.998289	0.751288	0.000000	0.659974	0.659974	-0.000000	-0.751288	-0.000000	1.000000	-0.000000
44	-8.492336	2.500030	14.031245	0.752817	0.000000	0.658230	0.658230	-0.000000	-0.752817	-0.000000	1.000000	-0.000000
45	-8.454657	2.500030	14.064113	0.754349	0.000000	0.656474	0.656474	-0.000000	-0.754349	-0.000000	1.000000	-0.000000
46	-8.416901	2.500030	14.096891	0.755885	0.000000	0.654704	0.654704	-0.000000	-0.755885	-0.000000	1.000000	-0.000000
47	-8.379068	2.500030	14.129581	0.757441	0.000000	0.652903	0.652903	-0.000000	-0.757441	-0.000000	1.000000	-0.000000
48	-8.341157	2.500030	14.162182	0.759000	0.000000	0.651090	0.651090	-0.000000	-0.759000	-0.000000	1.000000	-0.000000
49	-8.303169	2.500030	14.194692	0.760563	0.000000	0.649264	0.649264	-0.000000	-0.760563	-0.000000	1.000000	-0.000000
50	-8.265103	2.500030	14.227111	0.762129	0.000000	0.647425	0.647425	-0.000000	-0.762129	-0.000000	1.000000	-0.000000
51	-8.226958	2.500030	14.259436	0.763699	0.000000	0.645572	0.645572	-0.000000	-0.763699	-0.000000	1.000000	-0.000000
52	-8.188736	2.500030	14.291670	0.765271	0.000000	0.643708	0.643708	-0.000000	-0.765271	-0.000000	1.000000	-0.000000
53	-8.150436	2.500030	14.323813	0.766848	0.000000	0.641829	0.641829	-0.000000	-0.766848	-0.000000	1.000000	-0.000000
54	-8.112058	2.500030	14.355863	0.768427	0.000000	0.639937	0.639937	-0.000000	-0.768427	-0.000000	1.000000	-0.000000
55	-8.073601	2.500030	14.387817	0.770009	0.000000	0.638033	0.638033	-0.000000	-0.770009	-0.000000	1.000000	-0.000000
56	-8.035064	2.500030	14.419673	0.771587	0.000000	0.636123	0.636123	-0.000000	-0.771587	-0.000000	1.000000	-0.000000
57	-7.996448	2.500030	14.451435	0.773147	0.000000	0.634227	0.634227	-0.000000	-0.773147	-0.000000	1.000000	-0.000000
58	-7.957755	2.500030	14.483102	0.774707	0.000000	0.632321	0.632321	-0.000000	-0.774707	-0.000000	1.000000	-0.000000
59	-7.918983	2.500030	14.514674	0.776268	0.000000	0.630403	0.630403	-0.000000	-0.776268	-0.000000	1.000000	-0.000000
60	-7.880131	2.500030	14.546148	0.777834	0.000000	0.628470	0.628470	-0.000000	-0.777834	-0.000000	1.000000	-0.000000
61	-7.841201	2.500030	14.577522	0.779406	0.000000	0.626520	0.626520	-0.000000	-0.779406	-0.000000	1.000000	-0.000000
62	-7.802190	2.500030	14.608797	0.780998	0.000000	0.624533	0.624533	-0.000000	-0.780998	-0.000000	1.000000	-0.000000
63	-7.763100	2.500030	14.639973	0.782594	0.000000	0.622533	0.622533	-0.000000	-0.782594	-0.000000	1.000000	-0.000000
64	-7.723929	2.500030	14.671050	0.784193	0.000000	0.620517	0.620517	-0.000000	-0.784193	-0.000000	1.000000	-0.000000
65	-7.684679	2.500030	14.702024	0.785797	0.000000	0.618484	0.618484	-0.000000	-0.785797	-0.000000	1.000000	-0.000000
66	-7.645348	2.500030	14.732895	0.787410	0.000000	0.616430	0.616430	-0.000000	-0.787410	-0.000000	1.000000	-0.000000
67	-7.605938	2.500030	14.763666	0.789043	0.000000	0.614337	0.614337	-0.000000	-0.789043	-0.000000	1.000000	-0.000000
68	-7.566448	2.500030	14.794335	0.790684	0.000000	0.612225	0.612225	-0.000000	-0.790684	-0.000000	1.000000	-0.000000
69	-7.526877	2.500030	14.824899	0.792327	0.000000	0.610097	0.610097	-0.000000	-0.792327	-0.000000	1.000000	-0.000000
70	-7.487224	2.500030	14.855357	0.793969	0.000000	0.607958	0.607958	-0.000000	-0.793969	-0.000000	1.000000	-0.000000
71	-7.447489	2.500030	14.885704	0.795599	0.000000	0.605823	0.605823	-0.000000	-0.795599	-0.000000	1.000000	-0.000000
72	-7.407673	2.500030	14.915948	0.797193	0.000000	0.603725	0.603725	-0.000000	-0.797193	-0.000000	1.000000	-0.000000
73	-7.367778	2.500030	14.946088	0.798783	0.000000	0.601619	0.601619	-0.000000	-0.798783	-0.000000	1.000000	-0.000000
74	-7.327802	2.500030	14.976122	0.800375	0.000000	0.599500	0.599500	-0.000000	-0.800375	-0.000000	1.000000	-0.000000
75	-7.287746	2.500030	15.006047	0.801970	0.000000	0.597365	0.597365	-0.000000	-0.801970	-0.000000	1.000000	-0.000000
76	-7.247608	2.500030	15.035860	0.803575	0.000000	0.595204	0.595204	-0.000000	-0.803575	-0.000000	1.000000	-0.000000
77	-7.207388	2.500030	15.065563	0.805203	0.000000	0.593000	0.593000	-0.000000	-0.805203	-0.000000	1.000000	-0.000000
78	-7.167085	2.500030	15.095157	0.806834	0.000000	0.590778	0.590778	-0.000000	-0.806834	-0.000000	1.000000	-0.000000
79	-7.126701	2.500030	15.124639	0.808470	0.000000	0.588537	0.588537	-0.000000	-0.808470	-0.000000	1.000000	-0.000000
80	-7.086236	2.500030	15.154009	0.810109	0.000000	0.586279	0.586279	-0.000000	-0.810109	-0.000000	1.000000	-0.000000
81	-7.045689	2.500030	15.183264	0.811756	0.000000	0.583996	0.583996	-0.000000	-0.811756	-0.000000	1.000000	-0.000000
82	-7.005061	2.500030	15.212406	0.813426	0.000000	0.581668	0.581668	-0.000000	-0.813426	-0.000000	1.000000	-0.000000
83	-6.964350	2.500030	15.241435	0.815101	0.000000	0.579318	0.579318	-0.000000	-0.815101	-0.000000	1.000000	-0.000000
84	-6.923556	2.500030	15.270348	0.816778	0.000000	0.576952	0.576952	-0.000000	-0.816778	-0.000000	1.000000	-0.000000
85	-6.882680	2.500030	15.299143	0.818453	0.000000	0.574574	0.574574	-0.000000	-0.818453	-0.000000	1.000000	-0.000000
86	-6.841719	2.500030	15.327815	0.820114	0.000000	0.572201	0.572201	-0.000000	-0.820114	-0.000000	1.000000	-0.000000
87	-6.800677	2.500030	15.356372	0.821741	0.000000	0.569861	0.569861	-0.000000	-0.821741	-0.000000	1.000000	-0.000000
88	-6.759553	2.500030	15.384814	0.823365	0.000000	0.567512	0.567512	-0.000000	-0.823365	-0.000000	1.000000	-0.000000
89	-6.718348	2.500030	15.413137	0.824989	0.000000	0.565149	0.565149	-0.000000	-0.824989	-0.000000	1.000000	-0.000000
90	-6.677060	2.500030	15.441339	0.826616	0.000000	0.562767	0.562767	-0.000000	-0.826616	-0.000000	1.000000	-0.000000
91	-6.635690	2.500030	15.469416	0.828251	0.000000	0.560357	0.560357	-0.000000	-0.828251	-0.000000	1.000000	-0.000000
92	-6.594236	2.500030	15.497372	0.829902	0.000000	0.557909	0.557909	-0.000000	-0.829902	-0.000000	1.000000	-0.000000
93	-6.552698	2.500030	15.525205	0.831555	0.000000	0.555442	0.555442	-0.000000	-0.831555	-0.000000	1.000000	-0.000000
94	-6.511078	2.500030	15.552915	0.833211	0.000000	0.552955	0.552955	-0.000000	-0.833211	-0.000000	1.000000	-0.000000
95	-6.469375	2.500030	15.580499	0.834870	0.000000	0.550447	0.550447	-0.000000	-0.834870	-0.000000	1.000000	-0.000000
96	-6.427590	2.500030	15.607956	0.836537	0.000000	0.547911	0.547911	-0.000000	-0.836537	-0.000000	1.000000	-0.000000
97	-6.385722	2.500030	15.635288	0.838226	0.000000	0.545324	0.545324	-0.000000	-0.838226	-0.000000	1.000000	-0.000000
98	-6.343771	2.500030	15.662494	0.839918	0.000000	0.542713	0.542713	-0.000000	-0.839918	-0.000000	1.000000	-0.000000
99	-6.301736	2.500030	15.689570	0.841611	0.000000	0.540084	0.540084	-0.000000	-0.841611	-0.000000	1.000000	-0.000000
100	-6.259617	2.500030	15.716515	0.843301	0.000000	0.537441	0.537441	-0.000000	-0.843301	-0.000000	1.000000	-0.000000
101	-6.217413	2.500030	15.743324	0.844975	0.000000	0.534806	0.534806	-0.000000	-0.844975	-0.000000	1.000000	-0.000000
102	-6.175128	2.500030	15.770005	0.846619	0.000000	0.532200	0.532200	-0.000000	-0.846619	-0.000000	1.000000	-0.000000
103	-6.132760	2.500030	15.796557	0.848258	0.000000	0.529582	0.529582	-0.000000	-0.848258	-0.000000	1.000000	-0.000000
104	-6.090309	2.500030	15.822978	0.849897	0.000000	0.526949	0.526949	-0.000000	-0.849897	-0.000000	1.000000	-0.000000
105	-6.047776	2.500030	15.849263	0.851536	0.000000	0.524296	0.524296	-0.000000	-0.851536	-0.000000	1.000000	-0.000000
106	-6.005159	2.500030	15.875410	0.853183	0.000000	0.521612	0.521612	-0.000000	-0.853183	-0.000000	1.000000	-0.000000
107	-5.962458	2.500030	15.901422	0.854840	0.000000	0.518892	0.518892	-0.000000	-0.854840	-0.000000	1.000000	-0.000000
108	-5.919674	2.500030	15.927298	0.856498	0.000000	0.516151	0.516151	-0.000000	-0.856498	-0.000000	1.000000	-0.000000
109	-5.876806	2.500030	15.953036	0.858157	0.000000	0.513387	0.513387	-0.000000	-0.858157	-0.000000	1.000000	-0.000000
110	-5.833856	2.500030	15.978635	0.859818	0.000000	0.510601	0.510601	-0.000000	-0.859818	-0.000000	1.000000	-0.000000
111	-5.790824	2.500030	16.004092	0.861488	0.000000	0.507778	0.507778	-0.000000	-0.861488	-0.000000	1.000000	-0.000000
112	-5.747708	2.500030	16.029411	0.863178	0.000000	0.504899	0.504899	-0.000000	-0.863178	-0.000000	1.000000	-0.000000
113	-5.704510	2.500030	16.054589	0.864871	0.000000	0.501994	0.501994	-0.000000	-0.864871	-0.000000	1.000000	-0.000000
114	-5.661227	2.500030	16.079623	0.866563	0.000000	0.499067	0.499067	-0.000000	-0.866563	-0.000000	1.000000	-0.000000
115	-5.617861	2.500030	16.104510	0.868250	0.000000	0.496127	0.496127	-0.000000	-0.868250	-0.000000	1.000000	-0.000000
116	-5.574410	2.500030	16.129247	0.869914	0.000000	0.493203	0.493203	-0.000000	-0.869914	-0.000000	1.000000	-0.000000
117	-5.530878	2.500030	16.153842	0.871545	0.000000	0.490315	0.490315	-0.000000	-0.871545	-0.000000	1.000000	-0.000000
118	-5.487264	2.500030	16.178293	0.873170	0.000000	0.487416	0.487416	-0.000000	-0.873170	-0.000000	1.000000	-0.000000
119	-5.443568	2.500030	16.202599	0.874792	0.000000	0.484499	0.484499	-0.000000	-0.874792	-0.000000	1.000000	-0.000000
120	-5.399789	2.500030	16.226754	0.876415	0.000000	0.481557	0.481557	-0.000000	-0.876415	-0.000000	1.000000	-0.000000
121	-5.355929	2.500030	16.250756	0.878047	0.000000	0.478575	0.478575	-0.000000	-0.878047	-0.000000	1.000000	-0.000000
122	-5.311985	2.500030	16.274607	0.879693	0.000000	0.475543	0.475543	-0.000000	-0.879693	-0.000000	1.000000	-0.000000
123	-5.267958	2.500030	16.298308	0.881339	0.000000	0.472485	0.472485	-0.000000	-0.881339	-0.000000	1.000000	-0.000000
124	-5.223849	2.500030	16.321856	0.882985	0.000000	0.469402	0.469402	-0.000000	-0.882985	-0.000000	1.000000	-0.000000
125	-5.179658	2.500030	16.345248	0.884629	0.000000	0.466296	0.466296	-0.000000	-0.884629	-0.000000	1.000000	-0.000000
126	-5.135387	2.500030	16.368483	0.886276	0.000000	0.463157	0.463157	-0.000000	-0.886276	-0.000000	1.000000	-0.000000
127	-5.091033	2.500030	16.391563	0.887933	0.000000	0.459973	0.459973	-0.000000	-0.887933	-0.000000	1.000000	-0.000000
128	-5.046598	2.500030	16.414489	0.889589	0.000000	0.456762	0.456762	-0.000000	-0.889589	-0.000000	1.000000	-0.000000
129	-5.002080	2.500030	16.437255	0.891240	0.000000	0.453531	0.453531	-0.000000	-0.891240	-0.000000	1.000000	-0.000000
130	-4.957481	2.500030	16.459858	0.892885	0.000000	0.450285	0.450285	-0.000000	-0.892885	-0.000000	1.000000	-0.000000
131	-4.912800	2.500030	16.482295	0.894508	0.000000	0.447052	0.447052	-0.000000	-0.894508	-0.000000	1.000000	-0.000000
132	-4.868038	2.500030	16.504573	0.896102	0.000000	0.443849	0.443849	-0.000000	-0.896102	-0.000000	1.000000	-0.000000
133	-4.823196	2.500030	16.526693	0.897688	0.000000	0.440632	0.440632	-0.000000	-0.897688	-0.000000	1.000000	-0.000000
134	-4.778273	2.500030	16.548650	0.899270	0.000000	0.437395	0.437395	-0.000000	-0.899270	-0.000000	1.000000	-0.000000
135	-4.733271	2.500030	16.570440	0.900851	0.000000	0.434129	0.434129	-0.000000	-0.900851	-0.000000	1.000000	-0.000000
136	-4.688190	2.500030	16.592062	0.902442	0.000000	0.430811	0.430811	-0.000000	-0.902442	-0.000000	1.000000	-0.000000
137	-4.643028	2.500030	16.613517	0.904048	0.000000	0.427431	0.427431	-0.000000	-0.904048	-0.000000	1.000000	-0.000000
138	-4.597785	2.500030	16.634805	0.905653	0.000000	0.424019	0.424019	-0.000000	-0.905653	-0.000000	1.000000	-0.000000
139	-4.552462	2.500030	16.655923	0.907255	0.000000	0.420582	0.420582	-0.000000	-0.907255	-0.000000	1.000000	-0.000000
140	-4.507060	2.500030	16.676867	0.908850	0.000000	0.417124	0.417124	-0.000000	-0.908850	-0.000000	1.000000	-0.000000
141	-4.461581	2.500030	16.697637	0.910436	0.000000	0.413650	0.413650	-0.000000	-0.910436	-0.000000	1.000000	-0.000000
142	-4.416022	2.500030	16.718237	0.912014	0.000000	0.410159	0.410159	-0.000000	-0.912014	-0.000000	1.000000	-0.000000
143	-4.370384	2.500030	16.738665	0.913586	0.000000	0.406645	0.406645	-0.000000	-0.913586	-0.000000	1.000000	-0.000000
144	-4.324668	2.500030	16.758918	0.915151	0.000000	0.403112	0.403112	-0.000000	-0.915151	-0.000000	1.000000	-0.000000
145	-4.278874	2.500030	16.778991	0.916708	0.000000	0.399559	0.399559	-0.000000	-0.916708	-0.000000	1.000000	-0.000000
146	-4.233003	2.500030	16.798881	0.918251	0.000000	0.396000	0.396000	-0.000000	-0.918251	-0.000000	1.000000	-0.000000
147	-4.187054	2.500030	16.818596	0.919776	0.000000	0.392443	0.392443	-0.000000	-0.919776	-0.000000	1.000000	-0.000000
148	-4.141028	2.500030	16.838133	0.921293	0.000000	0.388869	0.388869	-0.000000	-0.921293	-0.000000	1.000000	-0.000000
149	-4.094926	2.500030	16.857491	0.922803	0.000000	0.385271	0.385271	-0.000000	-0.922803	-0.000000	1.000000	-0.000000
150	-4.048748	2.500030	16.876664	0.924310	0.000000	0.381641	0.381641	-0.000000	-0.924310	-0.000000	1.000000	-0.000000
151	-4.002496	2.500030	16.895652	0.925825	0.000000	0.377954	0.377954	-0.000000	-0.925825	-0.000000	1.000000	-0.000000
152	-3.956168	2.500030	16.914456	0.927349	0.000000	0.374197	0.374197	-0.000000	-0.927349	-0.000000	1.000000	-0.000000
153	-3.909763	2.500030	16.933076	0.928870	0.000000	0.370406	0.370406	-0.000000	-0.928870	-0.000000	1.000000	-0.000000
154	-3.863282	2.500030	16.951508	0.930383	0.000000	0.366590	0.366590	-0.000000	-0.930383	-0.000000	1.000000	-0.000000
155	-3.816728	2.500030	16.969748	0.931884	0.000000	0.362757	0.362757	-0.000000	-0.931884	-0.000000	1.000000	-0.000000
156	-3.770101	2.500030	16.987793	0.933361	0.000000	0.358940	0.358940	-0.000000	-0.933361	-0.000000	1.000000	-0.000000
157	-3.723399	2.500030	17.005652	0.934813	0.000000	0.355140	0.355140	-0.000000	-0.934813	-0.000000	1.000000	-0.000000
158	-3.676624	2.500030	17.023322	0.936254	0.000000	0.351324	0.351324	-0.000000	-0.936254	-0.000000	1.000000	-0.000000
159	-3.629777	2.500030	17.040801	0.937685	0.000000	0.347486	0.347486	-0.000000	-0.937685	-0.000000	1.000000	-0.000000
160	-3.582859	2.500030	17.058082	0.939108	0.000000	0.343621	0.343621	-0.000000	-0.939108	-0.000000	1.000000	-0.000000
161	-3.535870	2.500030	17.075165	0.940529	0.000000	0.339713	0.339713	-0.000000	-0.940529	-0.000000	1.000000	-0.000000
162	-3.488809	2.500030	17.092052	0.941946	0.000000	0.335764	0.335764	-0.000000	-0.941946	-0.000000	1.000000	-0.000000
163	-3.441675	2.500030	17.108744	0.943354	0.000000	0.331787	0.331787	-0.000000	-0.943354	-0.000000	1.000000	-0.000000
164	-3.394472	2.500030	17.125235	0.944753	0.000000	0.327784	0.327784	-0.000000	-0.944753	-0.000000	1.000000	-0.000000
165	-3.347200	2.500030	17.141525	0.946141	0.000000	0.323754	0.323754	-0.000000	-0.946141	-0.000000	1.000000	-0.000000
166	-3.299861	2.500030	17.157610	0.947523	0.000000	0.319687	0.319687	-0.000000	-0.947523	-0.000000	1.000000	-0.000000
167	-3.252452	2.500030	17.173495	0.948900	0.000000	0.315577	0.315577	-0.000000	-0.948900	-0.000000	1.000000	-0.000000
168	-3.204973	2.500030	17.189179	0.950266	0.000000	0.311438	0.311438	-0.000000	-0.950266	-0.000000	1.000000	-0.000000
169	-3.157427	2.500030	17.204655	0.951620	0.000000	0.307278	0.307278	-0.000000	-0.951620	-0.000000	1.000000	-0.000000
170	-3.109815	2.500030	17.219922	0.952958	0.000000	0.303101	0.303101	-0.000000	-0.952958	-0.000000	1.000000	-0.000000
171	-3.062138	2.500030	17.234976	0.954272	0.000000	0.298939	0.298939	-0.000000	-0.954272	-0.000000	1.000000	-0.000000
172	-3.014394	2.500030	17.249824	0.955561	0.000000	0.294792	0.294792	-0.000000	-0.955561	-0.000000	1.000000	-0.000000
173	-2.966584	2.500030	17.264466	0.956835	0.000000	0.290631	0.290631	-0.000000	-0.956835	-0.000000	1.000000	-0.000000
174	-2.918711	2.500030	17.278898	0.958097	0.000000	0.286444	0.286444	-0.000000	-0.958097	-0.000000	1.000000	-0.000000
175	-2.870775	2.500030	17.293116	0.959349	0.000000	0.282222	0.282222	-0.000000	-0.959349	-0.000000	1.000000	-0.000000
176	-2.822779	2.500030	17.307117	0.960602	0.000000	0.277929	0.277929	-0.000000	-0.960602	-0.000000	1.000000	-0.000000
177	-2.774718	2.500030	17.320905	0.961854	0.000000	0.273564	0.273564	-0.000000	-0.961854	-0.000000	1.000000	-0.000000
178	-2.726593	2.500030	17.334478	0.963095	0.000000	0.269163	0.269163	-0.000000	-0.963095	-0.000000	1.000000	-0.000000
179	-2.678408	2.500030	17.347832	0.964321	0.000000	0.264737	0.264737	-0.000000	-0.964321	-0.000000	1.000000	-0.000000
180	-2.630163	2.500030	17.360963	0.965529	0.000000	0.260296	0.260296	-0.000000	-0.965529	-0.000000	1.000000	-0.000000
181	-2.581861	2.500030	17.373870	0.966709	0.000000	0.255877	0.255877	-0.000000	-0.966709	-0.000000	1.000000	-0.000000
182	-2.533499	2.500030	17.386561	0.967865	0.000000	0.251471	0.251471	-0.000000	-0.967865	-0.000000	1.000000	-0.000000
183	-2.485077	2.500030	17.399033	0.969003	0.000000	0.247050	0.247050	-0.000000	-0.969003	-0.000000	1.000000	-0.000000
184	-2.436599	2.500030	17.411281	0.970125	0.000000	0.242607	0.242607	-0.000000	-0.970125	-0.000000	1.000000	-0.000000
185	-2.388066	2.500030	17.423303	0.971232	0.000000	0.238134	0.238134	-0.000000	-0.971232	-0.000000	1.000000	-0.000000
186	-2.339480	2.500030	17.435096	0.972330	0.000000	0.233613	0.233613	-0.000000	-0.972330	-0.000000	1.000000	-0.000000
187	-2.290837	2.500030	17.446664	0.973415	0.000000	0.229050	0.229050	-0.000000	-0.973415	-0.000000	1.000000	-0.000000
188	-2.242138	2.500030	17.458005	0.974484	0.000000	0.224457	0.224457	-0.000000	-0.974484	-0.000000	1.000000	-0.000000
189	-2.193386	2.500030	17.469116	0.975536	0.000000	0.219840	0.219840	-0.000000	-0.975536	-0.000000	1.000000	-0.000000
190	-2.144585	2.500030	17.479994	0.976570	0.000000	0.215199	0.215199	-0.000000	-0.976570	-0.000000	1.000000	-0.000000
191	-2.095734	2.500030	17.490637	0.977586	0.000000	0.210534	0.210534	-0.000000	-0.977586	-0.000000	1.000000	-0.000000
192	-2.046831	2.500030	17.501051	0.978586	0.000000	0.205840	0.205840	-0.000000	-0.978586	-0.000000	1.000000	-0.000000
193	-1.997876	2.500030	17.511233	0.979566	0.000000	0.201123	0.201123	-0.000000	-0.979566	-0.000000	1.000000	-0.000000
194	-1.948873	2.500030	17.521179	0.980527	0.000000	0.196385	0.196385	-0.000000	-0.980527	-0.000000	1.000000	-0.000000
195	-1.899825	2.500030	17.530885	0.981467	0.000000	0.191631	0.191631	-0.000000	-0.981467	-0.000000	1.000000	-0.000000
196	-1.850733	2.500030	17.540349	0.982383	0.000000	0.186880	0.186880	-0.000000	-0.982383	-0.000000	1.000000	-0.000000
197	-1.801592	2.500030	17.549578	0.983274	0.000000	0.182131	0.182131	-0.000000	-0.983274	-0.000000	1.000000	-0.000000
198	-1.752405	2.500030	17.558570	0.984145	0.000000	0.177365	0.177365	-0.000000	-0.984145	-0.000000	1.000000	-0.000000
199	-1.703175	2.500030	17.567321	0.984996	0.000000	0.172575	0.172575	-0.000000	-0.984996	-0.000000	1.000000	-0.000000
200	-1.653905	2.500030	17.575830	0.985829	0.000000	0.167752	0.167752	-0.000000	-0.985829	-0.000000	1.000000	-0.000000
201	-1.604596	2.500030	17.584093	0.986649	0.000000	0.162859	0.162859	-0.000000	-0.986649	-0.000000	1.000000	-0.000000
202	-1.555243	2.500030	17.592114	0.987455	0.000000	0.157901	0.157901	-0.000000	-0.987455	-0.000000	1.000000	-0.000000
203	-1.505850	2.500030	17.599891	0.988240	0.000000	0.152912	0.152912	-0.000000	-0.988240	-0.000000	1.000000	-0.000000
204	-1.456418	2.500030	17.607419	0.989002	0.000000	0.147903	0.147903	-0.000000	-0.989002	-0.000000	1.000000	-0.000000
205	-1.406951	2.500030	17.614696	0.989739	0.000000	0.142887	0.142887	-0.000000	-0.989739	-0.000000	1.000000	-0.000000
206	-1.357451	2.500030	17.621720	0.990444	0.000000	0.137917	0.137917	-0.000000	-0.990444	-0.000000	1.000000	-0.000000
207	-1.307912	2.500030	17.628499	0.991120	0.000000	0.132973	0.132973	-0.000000	-0.991120	-0.000000	1.000000	-0.000000
208	-1.258338	2.500030	17.635031	0.991772	0.000000	0.128019	0.128019	-0.000000	-0.991772	-0.000000	1.000000	-0.000000
209	-1.208732	2.500030	17.641312	0.992401	0.000000	0.123043	0.123043	-0.000000	-0.992401	-0.000000	1.000000	-0.000000
210	-1.159098	2.500030	17.647340	0.993010	0.000000	0.118033	0.118033	-0.000000	-0.993010	-0.000000	1.000000	-0.000000
211	-1.109436	2.500030	17.653112	0.993601	0.000000	0.112944	0.112944	-0.000000	-0.993601	-0.000000	1.000000	-0.000000
212	-1.059741	2.500030	17.658631	0.994174	0.000000	0.107791	0.107791	-0.000000	-0.994174	-0.000000	1.000000	-0.000000
213	-1.010017	2.500030	17.663894	0.994722	0.000000	0.102607	0.102607	-0.000000	-0.994722	-0.000000	1.000000	-0.000000
214	-0.960266	2.500030	17.668899	0.995245	0.000000	0.097404	0.097404	-0.000000	-0.995245	-0.000000	1.000000	-0.000000
215	-0.910493	2.500030	17.673644	0.995741	0.000000	0.092194	0.092194	-0.000000	-0.995741	-0.000000	1.000000	-0.000000
216	-0.860698	2.500030	17.678127	0.996207	0.000000	0.087015	0.087015	-0.000000	-0.996207	-0.000000	1.000000	-0.000000
217	-0.810877	2.500030	17.682354	0.996645	0.000000	0.081848	0.081848	-0.000000	-0.996645	-0.000000	1.000000	-0.000000
218	-0.761032	2.500030	17.686324	0.997056	0.000000	0.076670	0.076670	-0.000000	-0.997056	-0.000000	1.000000	-0.000000
219	-0.711168	2.500030	17.690033	0.997442	0.000000	0.071476	0.071476	-0.000000	-0.997442	-0.000000	1.000000	-0.000000
220	-0.661288	2.500030	17.693478	0.997803	0.000000	0.066256	0.066256	-0.000000	-0.997803	-0.000000	1.000000	-0.000000
221	-0.611393	2.500030	17.696658	0.998139	0.000000	0.060987	0.060987	-0.000000	-0.998139	-0.000000	1.000000	-0.000000
222	-0.561478	2.500030	17.699576	0.998449	0.000000	0.055680	0.055680	-0.000000	-0.998449	-0.000000	1.000000	-0.000000
223	-0.511546	2.500030	17.702230	0.998732	0.000000	0.050350	0.050350	-0.000000	-0.998732	-0.000000	1.000000	-0.000000
224	-0.461601	2.500030	17.704618	0.998987	0.000000	0.045004	0.045004	-0.000000	-0.998987	-0.000000	1.000000	-0.000000
225	-0.411647	2.500030	17.706736	0.999214	0.000000	0.039647	0.039647	-0.000000	-0.999214	-0.000000	1.000000	-0.000000
226	-0.361685	2.500030	17.708586	0.999412	0.000000	0.034291	0.034291	-0.000000	-0.999412	-0.000000	1.000000	-0.000000
227	-0.311710	2.500030	17.710171	0.999581	0.000000	0.028928	0.028928	-0.000000	-0.999581	-0.000000	1.000000	-0.000000
228	-0.261725	2.500030	17.711489	0.999723	0.000000	0.023553	0.023553	-0.000000	-0.999723	-0.000000	1.000000	-0.000000
229	-0.211734	2.500030	17.712536	0.999835	0.000000	0.018164	0.018164	-0.000000	-0.999835	-0.000000	1.000000	-0.000000
230	-0.161741	2.500030	17.713312	0.999919	0.000000	0.012760	0.012760	-0.000000	-0.999919	-0.000000	1.000000	-0.000000
231	-0.111748	2.500030	17.713815	0.999973	0.000000	0.007339	0.007339	-0.000000	-0.999973	-0.000000	1.000000	-0.000000
232	-0.061748	2.500030	17.714049	0.999998	0.000000	0.001903	0.001903	-0.000000	-0.999998	-0.000000	1.000000	-0.000000
233	-0.011745	2.500030	17.714011	0.999994	0.000000	-0.003547	-0.003547	-0.000000	-0.999994	-0.000000	1.000000	-0.000000
234	0.038256	2.500030	17.713700	0.999959	0.000000	-0.009011	-0.009011	-0.000000	-0.999959	-0.000000	1.000000	-0.000000
235	0.088251	2.500030	17.713114	0.999895	0.000000	-0.014489	-0.014489	-0.000000	-0.999895	-0.000000	1.000000	-0.000000
236	0.138239	2.500030	17.712252	0.999800	0.000000	-0.019987	-0.019987	-0.000000	-0.999800	-0.000000	1.000000	-0.000000
237	0.188227	2.500030	17.711118	0.999675	0.000000	-0.025504	-0.025504	-0.000000	-0.999675	-0.000000	1.000000	-0.000000
238	0.238210	2.500030	17.709708	0.999518	0.000000	-0.031034	-0.031034	-0.000000	-0.999518	-0.000000	1.000000	-0.000000
239	0.288184	2.500030	17.708023	0.999331	0.000000	-0.036574	-0.036574	-0.000000	-0.999331	-0.000000	1.000000	-0.000000
240	0.338144	2.500030	17.706058	0.999113	0.000000	-0.042120	-0.042120	-0.000000	-0.999113	-0.000000	1.000000	-0.000000
241	0.388089	2.500030	17.703816	0.998864	0.000000	-0.047657	-0.047657	-0.000000	-0.998864	-0.000000	1.000000	-0.000000
242	0.438026	2.500030	17.701297	0.998584	0.000000	-0.053195	-0.053195	-0.000000	-0.998584	-0.000000	1.000000	-0.000000
243	0.487951	2.500030	17.698502	0.998273	0.000000	-0.058739	-0.058739	-0.000000	-0.998273	-0.000000	1.000000	-0.000000
244	0.537858	2.500030	17.695428	0.997931	0.000000	-0.064294	-0.064294	-0.000000	-0.997931	-0.000000	1.000000	-0.000000
245	0.587744	2.500030	17.692075	0.997557	0.000000	-0.069863	-0.069863	-0.000000	-0.997557	-0.000000	1.000000	-0.000000
246	0.637608	2.500030	17.688441	0.997148	0.000000	-0.075466	-0.075466	-0.000000	-0.997148	-0.000000	1.000000	-0.000000
247	0.687455	2.500030	17.684529	0.996707	0.000000	-0.081093	-0.081093	-0.000000	-0.996707	-0.000000	1.000000	-0.000000
248	0.737282	2.500030	17.680336	0.996232	0.000000	-0.086730	-0.086730	-0.000000	-0.996232	-0.000000	1.000000	-0.000000
249	0.787083	2.500030	17.675862	0.995724	0.000000	-0.092374	-0.092374	-0.000000	-0.995724	-0.000000	1.000000	-0.000000
250	0.836855	2.500030	17.671106	0.995185	0.000000	-0.098015	-0.098015	-0.000000	-0.995185	-0.000000	1.000000	-0.000000
251	0.886596	2.500030	17.666067	0.994616	0.000000	-0.103630	-0.103630	-0.000000	-0.994616	-0.000000	1.000000	-0.000000
252	0.936313	2.500030	17.660748	0.994016	0.000000	-0.109236	-0.109236	-0.000000	-0.994016	-0.000000	1.000000	-0.000000
253	0.986001	2.500030	17.655148	0.993384	0.000000	-0.114842	-0.114842	-0.000000	-0.993384	-0.000000	1.000000	-0.000000
254	1.035657	2.500030	17.649267	0.992719	0.000000	-0.120456	-0.120456	-0.000000	-0.992719	-0.000000	1.000000	-0.000000
255	1.085273	2.500030	17.643104	0.992020	0.000000	-0.126082	-0.126082	-0.000000	-0.992020	-0.000000	1.000000	-0.000000
256	1.134852	2.500030	17.636658	0.991283	0.000000	-0.131747	-0.131747	-0.000000	-0.991283	-0.000000	1.000000	-0.000000
257	1.184397	2.500030	17.629929	0.990511	0.000000	-0.137436	-0.137436	-0.000000	-0.990511	-0.000000	1.000000	-0.000000
258	1.233906	2.500030	17.622916	0.989703	0.000000	-0.143133	-0.143133	-0.000000	-0.989703	-0.000000	1.000000	-0.000000
259	1.283373	2.500030	17.615620	0.988863	0.000000	-0.148831	-0.148831	-0.000000	-0.988863	-0.000000	1.000000	-0.000000
260	1.332793	2.500030	17.608039	0.987990	0.000000	-0.154520	-0.154520	-0.000000	-0.987990	-0.000000	1.000000	-0.000000
261	1.382166	2.500030	17.600175	0.987089	0.000000	-0.160172	-0.160172	-0.000000	-0.987089	-0.000000	1.000000	-0.000000
262	1.431499	2.500030	17.592028	0.986158	0.000000	-0.165808	-0.165808	-0.000000	-0.986158	-0.000000	1.000000	-0.000000
263	1.480787	2.500030	17.583598	0.985194	0.000000	-0.171441	-0.171441	-0.000000	-0.985194	-0.000000	1.000000	-0.000000
264	1.530024	2.500030	17.574886	0.984197	0.000000	-0.177076	-0.177076	-0.000000	-0.984197	-0.000000	1.000000	-0.000000
265	1.579206	2.500030	17.565890	0.983165	0.000000	-0.182721	-0.182721	-0.000000	-0.983165	-0.000000	1.000000	-0.000000
266	1.628333	2.500030	17.556612	0.982091	0.000000	-0.188405	-0.188405	-0.000000	-0.982091	-0.000000	1.000000	-0.000000
267	1.677411	2.500030	17.547049	0.980980	0.000000	-0.194108	-0.194108	-0.000000	-0.980980	-0.000000	1.000000	-0.000000
268	1.726435	2.500030	17.537201	0.979833	0.000000	-0.199816	-0.199816	-0.000000	-0.979833	-0.000000	1.000000	-0.000000
269	1.775400	2.500030	17.527070	0.978653	0.000000	-0.205519	-0.205519	-0.000000	-0.978653	-0.000000	1.000000	-0.000000
270	1.824300	2.500030	17.516655	0.977441	0.000000	-0.211210	-0.211210	-0.000000	-0.977441	-0.000000	1.000000	-0.000000
271	1.873138	2.500030	17.505956	0.976204	0.000000	-0.216856	-0.216856	-0.000000	-0.976204	-0.000000	1.000000	-0.000000
272	1.921918	2.500030	17.494974	0.974936	0.000000	-0.222484	-0.222484	-0.000000	-0.974936	-0.000000	1.000000	-0.000000
273	1.970636	2.500030	17.483710	0.973637	0.000000	-0.228104	-0.228104	-0.000000	-0.973637	-0.000000	1.000000	-0.000000
274	2.019287	2.500030	17.472165	0.972303	0.000000	-0.233722	-0.233722	-0.000000	-0.972303	-0.000000	1.000000	-0.000000
275	2.067866	2.500030	17.460337	0.970934	0.000000	-0.239346	-0.239346	-0.000000	-0.970934	-0.000000	1.000000	-0.000000
276	2.116373	2.500030	17.448228	0.969522	0.000000	-0.245004	-0.245004	-0.000000	-0.969522	-0.000000	1.000000	-0.000000
277	2.164814	2.500030	17.435835	0.968071	0.000000	-0.250676	-0.250676	-0.000000	-0.968071	-0.000000	1.000000	-0.000000
278	2.213184	2.500030	17.423160	0.966585	0.000000	-0.256346	-0.256346	-0.000000	-0.966585	-0.000000	1.000000	-0.000000
279	2.261478	2.500030	17.410202	0.965065	0.000000	-0.262009	-0.262009	-0.000000	-0.965065	-0.000000	1.000000	-0.000000
280	2.309690	2.500030	17.396963	0.963515	0.000000	-0.267655	-0.267655	-0.000000	-0.963515	-0.000000	1.000000	-0.000000
281	2.357823	2.500030	17.383443	0.961942	0.000000	-0.273255	-0.273255	-0.000000	-0.961942	-0.000000	1.000000	-0.000000
282	2.405882	2.500030	17.369642	0.960339	0.000000	-0.278834	-0.278834	-0.000000	-0.960339	-0.000000	1.000000	-0.000000
283	2.453862	2.500030	17.355561	0.958705	0.000000	-0.284402	-0.284402	-0.000000	-0.958705	-0.000000	1.000000	-0.000000
284	2.501758	2.500030	17.341201	0.957037	0.000000	-0.289964	-0.289964	-0.000000	-0.957037	-0.000000	1.000000	-0.000000
285	2.549564	2.500030	17.326563	0.955334	0.000000	-0.295527	-0.295527	-0.000000	-0.955334	-0.000000	1.000000	-0.000000
286	2.597283	2.500030	17.311647	0.953587	0.000000	-0.301118	-0.301118	-0.000000	-0.953587	-0.000000	1.000000	-0.000000
287	2.644919	2.500030	17.296450	0.951802	0.000000	-0.306714	-0.306714	-0.000000	-0.951802	-0.000000	1.000000	-0.000000
288	2.692467	2.500030	17.280974	0.949982	0.000000	-0.312304	-0.312304	-0.000000	-0.949982	-0.000000	1.000000	-0.000000
289	2.739922	2.500030	17.265219	0.948130	0.000000	-0.317883	-0.317883	-0.000000	-0.948130	-0.000000	1.000000	-0.000000
290	2.787279	2.500030	17.249188	0.946248	0.000000	-0.323443	-0.323443	-0.000000	-0.946248	-0.000000	1.000000	-0.000000
291	2.834541	2.500030	17.232881	0.944345	0.000000	-0.328957	-0.328957	-0.000000	-0.944345	-0.000000	1.000000	-0.000000
292	2.881712	2.500030	17.216296	0.942414	0.000000	-0.334449	-0.334449	-0.000000	-0.942414	-0.000000	1.000000	-0.000000
293	2.928787	2.500030	17.199436	0.940452	0.000000	-0.339928	-0.339928	-0.000000	-0.940452	-0.000000	1.000000	-0.000000
294	2.975761	2.500030	17.182302	0.938457	0.000000	-0.345397	-0.345397	-0.000000	-0.938457	-0.000000	1.000000	-0.000000
295	3.022631	2.500030	17.164895	0.936428	0.000000	-0.350861	-0.350861	-0.000000	-0.936428	-0.000000	1.000000	-0.000000
296	3.069396	2.500030	17.147215	0.934355	0.000000	-0.356344	-0.356344	-0.000000	-0.934355	-0.000000	1.000000	-0.000000
297	3.116062	2.500030	17.129259	0.932246	0.000000	-0.361826	-0.361826	-0.000000	-0.932246	-0.000000	1.000000	-0.000000
298	3.162624	2.500030	17.111029	0.930103	0.000000	-0.367298	-0.367298	-0.000000	-0.930103	-0.000000	1.000000	-0.000000
299	3.209077	2.500030	17.092528	0.927930	0.000000	-0.372755	-0.372755	-0.000000	-0.927930	-0.000000	1.000000	-0.000000
300	3.255416	2.500030	17.073756	0.925728	0.000000	-0.378191	-0.378191	-0.000000	-0.925728	-0.000000	1.000000	-0.000000
301	3.301644	2.500030	17.054714	0.923506	0.000000	-0.383584	-0.383584	-0.000000	-0.923506	-0.000000	1.000000	-0.000000
302	3.347765	2.500030	17.035400	0.921257	0.000000	-0.388955	-0.388955	-0.000000	-0.921257	-0.000000	1.000000	-0.000000
303	3.393774	2.500030	17.015817	0.918978	0.000000	-0.394309	-0.394309	-0.000000	-0.918978	-0.000000	1.000000	-0.000000
304	3.439667	2.500030	16.995967	0.916668	0.000000	-0.399650	-0.399650	-0.000000	-0.916668	-0.000000	1.000000	-0.000000
305	3.485438	2.500030	16.975851	0.914325	0.000000	-0.404982	-0.404982	-0.000000	-0.914325	-0.000000	1.000000	-0.000000
306	3.531091	2.500030	16.955469	0.911940	0.000000	-0.410323	-0.410323	-0.000000	-0.911940	-0.000000	1.000000	-0.000000
307	3.576629	2.500030	16.934817	0.909521	0.000000	-0.415657	-0.415657	-0.000000	-0.909521	-0.000000	1.000000	-0.000000
308	3.622046	2.500030	16.913899	0.907071	0.000000	-0.420978	-0.420978	-0.000000	-0.907071	-0.000000	1.000000	-0.000000
309	3.667340	2.500030	16.892717	0.904591	0.000000	-0.426281	-0.426281	-0.000000	-0.904591	-0.000000	1.000000	-0.000000
310	3.712504	2.500030	16.871273	0.902084	0.000000	-0.431561	-0.431561	-0.000000	-0.902084	-0.000000	1.000000	-0.000000
311	3.757542	2.500030	16.849566	0.899558	0.000000	-0.436802	-0.436802	-0.000000	-0.899558	-0.000000	1.000000	-0.000000
312	3.802458	2.500030	16.827594	0.897005	0.000000	-0.442020	-0.442020	-0.000000	-0.897005	-0.000000	1.000000	-0.000000
313	3.847246	2.500030	16.805361	0.894424	0.000000	-0.447220	-0.447220	-0.000000	-0.894424	-0.000000	1.000000	-0.000000
314	3.891904	2.500030	16.782869	0.891813	0.000000	-0.452403	-0.452403	-0.000000	-0.891813	-0.000000	1.000000	-0.000000
315	3.936425	2.500030	16.760120	0.889172	0.000000	-0.457574	-0.457574	-0.000000	-0.889172	-0.000000	1.000000	-0.000000
316	3.980813	2.500030	16.737113	0.886491	0.000000	-0.462745	-0.462745	-0.000000	-0.886491	-0.000000	1.000000	-0.000000
317	4.025071	2.500030	16.713844	0.883780	0.000000	-0.467904	-0.467904	-0.000000	-0.883780	-0.000000	1.000000	-0.000000
318	4.069194	2.500030	16.690318	0.881038	0.000000	-0.473045	-0.473045	-0.000000	-0.881038	-0.000000	1.000000	-0.000000
319	4.113178	2.500030	16.666536	0.878269	0.000000	-0.478167	-0.478167	-0.000000	-0.878269	-0.000000	1.000000	-0.000000
320	4.157019	2.500030	16.642502	0.875474	0.000000	-0.483266	-0.483266	-0.000000	-0.875474	-0.000000	1.000000	-0.000000
321	4.200720	2.500030	16.618214	0.872660	0.000000	-0.488329	-0.488329	-0.000000	-0.872660	-0.000000	1.000000	-0.000000
322	4.244283	2.500030	16.593671	0.869820	0.000000	-0.493370	-0.493370	-0.000000	-0.869820	-0.000000	1.000000	-0.000000
323	4.287705	2.500030	16.568874	0.866953	0.000000	-0.498390	-0.498390	-0.000000	-0.866953	-0.000000	1.000000	-0.000000
324	4.330981	2.500030	16.543828	0.864059	0.000000	-0.503391	-0.503391	-0.000000	-0.864059	-0.000000	1.000000	-0.000000
325	4.374108	2.500030	16.518535	0.861135	0.000000	-0.508376	-0.508376	-0.000000	-0.861135	-0.000000	1.000000	-0.000000
326	4.417087	2.500030	16.492992	0.858177	0.000000	-0.513354	-0.513354	-0.000000	-0.858177	-0.000000	1.000000	-0.000000
327	4.459922	2.500030	16.467198	0.855190	0.000000	-0.518315	-0.518315	-0.000000	-0.855190	-0.000000	1.000000	-0.000000
328	4.502609	2.500030	16.441156	0.852175	0.000000	-0.523257	-0.523257	-0.000000	-0.852175	-0.000000	1.000000	-0.000000
329	4.545143	2.500030	16.414869	0.849134	0.000000	-0.528178	-0.528178	-0.000000	-0.849134	-0.000000	1.000000	-0.000000
330	4.587520	2.500030	16.388339	0.846068	0.000000	-0.533074	-0.533074	-0.000000	-0.846068	-0.000000	1.000000	-0.000000
331	4.629744	2.500030	16.361565	0.842983	0.000000	-0.537940	-0.537940	-0.000000	-0.842983	-0.000000	1.000000	-0.000000
332	4.671816	2.500030	16.334546	0.839873	0.000000	-0.542782	-0.542782	-0.000000	-0.839873	-0.000000	1.000000	-0.000000
333	4.713734	2.500030	16.307284	0.836738	0.000000	-0.547603	-0.547603	-0.000000	-0.836738	-0.000000	1.000000	-0.000000
334	4.755493	2.500030	16.279782	0.833577	0.000000	-0.552403	-0.552403	-0.000000	-0.833577	-0.000000	1.000000	-0.000000
335	4.797089	2.500030	16.252043	0.830389	0.000000	-0.557184	-0.557184	-0.000000	-0.830389	-0.000000	1.000000	-0.000000
336	4.838525	2.500030	16.224066	0.827171	0.000000	-0.561951	-0.561951	-0.000000	-0.827171	-0.000000	1.000000	-0.000000
337	4.879803	2.500030	16.195847	0.823925	0.000000	-0.566698	-0.566698	-0.000000	-0.823925	-0.000000	1.000000	-0.000000
338	4.920920	2.500030	16.167391	0.820655	0.000000	-0.571425	-0.571425	-0.000000	-0.820655	-0.000000	1.000000	-0.000000
