"No."	"PosX"	"PosY"	"PosZ"	"FrontX"	"FrontY"	"FrontZ"	"LeftX"	"LeftY"	"LeftZ"	"UpX"	"UpY"	"UpZ"
1	6.681015	2.500030	-16.615347	-0.702614	0.000000	-0.711571	-0.711571	0.000000	0.702614	0.000000	1.000000	0.000000
2	6.645764	2.500030	-16.650798	-0.707617	0.000000	-0.706596	-0.706596	0.000000	0.707617	0.000000	1.000000	-0.000000
3	6.610256	2.500030	-16.686004	-0.712592	0.000000	-0.701579	-0.701579	0.000000	0.712592	0.000000	1.000000	-0.000000
4	6.574498	2.500030	-16.720959	-0.717530	0.000000	-0.696527	-0.696527	0.000000	0.717530	0.000000	1.000000	-0.000000
5	6.538496	2.500030	-16.755659	-0.722425	0.000000	-0.691450	-0.691450	0.000000	0.722425	0.000000	1.000000	-0.000000
6	6.502257	2.500030	-16.790100	-0.727268	-0.000000	-0.686354	-0.686354	-0.000000	0.727268	-0.000000	1.000000	-0.000000
7	6.465774	2.500030	-16.824284	-0.732063	-0.000000	-0.681237	-0.681237	-0.000000	0.732063	-0.000000	1.000000	-0.000000
8	6.429045	2.500030	-16.858214	-0.736816	-0.000000	-0.676094	-0.676094	-0.000000	0.736816	-0.000000	1.000000	-0.000000
9	6.392077	2.500030	-16.891886	-0.741521	-0.000000	-0.670930	-0.670930	-0.000000	0.741521	-0.000000	1.000000	-0.000000
10	6.354878	2.500030	-16.925300	-0.746173	-0.000000	-0.665752	-0.665752	-0.000000	0.746173	-0.000000	1.000000	-0.000000
11	6.317456	2.500030	-16.958452	-0.750769	0.000000	-0.660565	-0.660565	-0.000000	0.750769	0.000000	1.000000	0.000000
12	6.279806	2.500030	-16.991345	-0.755309	0.000000	-0.655369	-0.655369	-0.000000	0.755309	0.000000	1.000000	0.000000
13	6.241921	2.500030	-17.023980	-0.759796	0.000000	-0.650162	-0.650162	-0.000000	0.759796	0.000000	1.000000	0.000000
14	6.203812	2.500030	-17.056354	-0.764230	0.000000	-0.644944	-0.644944	-0.000000	0.764230	0.000000	1.000000	0.000000
15	6.165484	2.500030	-17.088467	-0.768611	0.000000	-0.639717	-0.639717	-0.000000	0.768611	0.000000	1.000000	0.000000
16	6.126947	2.500030	-17.120317	-0.772938	0.000000	-0.634481	-0.634481	-0.000000	0.772938	0.000000	1.000000	0.000000
17	6.088194	2.500030	-17.151905	-0.777213	0.000000	-0.629238	-0.629238	-0.000000	0.777213	0.000000	1.000000	0.000000
18	6.049222	2.500030	-17.183231	-0.781435	0.000000	-0.623987	-0.623987	-0.000000	0.781435	0.000000	1.000000	0.000000
19	6.010037	2.500030	-17.214295	-0.785604	0.000000	-0.618729	-0.618729	-0.000000	0.785604	0.000000	1.000000	0.000000
20	5.970647	2.500030	-17.245096	-0.789721	0.000000	-0.613466	-0.613466	-0.000000	0.789721	0.000000	1.000000	0.000000
21	5.931061	2.500030	-17.275632	-0.793786	0.000000	-0.608197	-0.608197	-0.000000	0.793786	0.000000	1.000000	0.000000
22	5.891273	2.500030	-17.305905	-0.797798	0.000000	-0.602924	-0.602924	-0.000000	0.797798	0.000000	1.000000	0.000000
23	5.851278	2.500030	-17.335915	-0.801759	0.000000	-0.597647	-0.597647	-0.000000	0.801759	0.000000	1.000000	0.000000
24	5.811083	2.500030	-17.365661	-0.805669	0.000000	-0.592366	-0.592366	-0.000000	0.805669	0.000000	1.000000	0.000000
25	5.770697	2.500030	-17.395143	-0.809527	0.000000	-0.587083	-0.587083	-0.000000	0.809527	0.000000	1.000000	0.000000
26	5.730127	2.500030	-17.424360	-0.813334	-0.000000	-0.581798	-0.581798	-0.000000	0.813334	-0.000000	1.000000	0.000000
27	5.689368	2.500030	-17.453313	-0.817089	-0.000000	-0.576511	-0.576511	-0.000000	0.817089	-0.000000	1.000000	-0.000000
28	5.648415	2.500030	-17.482001	-0.820795	-0.000000	-0.571223	-0.571223	-0.000000	0.820795	-0.000000	1.000000	-0.000000
29	5.607275	2.500030	-17.510425	-0.824450	-0.000000	-0.565935	-0.565935	-0.000000	0.824450	-0.000000	1.000000	-0.000000
30	5.565956	2.500030	-17.538585	-0.828055	-0.000000	-0.560646	-0.560646	-0.000000	0.828055	-0.000000	1.000000	-0.000000
31	5.524466	2.500030	-17.566480	-0.831611	-0.000000	-0.555358	-0.555358	-0.000000	0.831611	-0.000000	1.000000	-0.000000
32	5.482799	2.500030	-17.594111	-0.835117	-0.000000	-0.550072	-0.550072	-0.000000	0.835117	-0.000000	1.000000	-0.000000
33	5.440951	2.500030	-17.621478	-0.838575	-0.000000	-0.544787	-0.544787	-0.000000	0.838575	-0.000000	1.000000	-0.000000
34	5.398929	2.500030	-17.648580	-0.841983	-0.000000	-0.539503	-0.539503	-0.000000	0.841983	-0.000000	1.000000	-0.000000
35	5.356740	2.500030	-17.675418	-0.845344	-0.000000	-0.534223	-0.534223	-0.000000	0.845344	-0.000000	1.000000	-0.000000
36	5.314392	2.500030	-17.701993	-0.848656	-0.000000	-0.528945	-0.528945	-0.000000	0.848656	-0.000000	1.000000	-0.000000
37	5.271879	2.500030	-17.728303	-0.851921	-0.000000	-0.523670	-0.523670	0.000000	0.851921	-0.000000	1.000000	-0.000000
38	5.229197	2.500030	-17.754350	-0.855139	-0.000000	-0.518399	-0.518399	0.000000	0.855139	-0.000000	1.000000	-0.000000
39	5.186353	2.500030	-17.780133	-0.858309	-0.000000	-0.513133	-0.513133	0.000000	0.858309	-0.000000	1.000000	-0.000000
40	5.143354	2.500030	-17.805653	-0.861433	-0.000000	-0.507871	-0.507871	0.000000	0.861433	-0.000000	1.000000	-0.000000
41	5.100207	2.500030	-17.830910	-0.864511	0.000000	-0.502613	-0.502613	0.000000	0.864511	0.000000	1.000000	-0.000000
42	5.056907	2.500030	-17.855905	-0.867544	0.000000	-0.497361	-0.497361	0.000000	0.867544	0.000000	1.000000	0.000000
43	5.013449	2.500030	-17.880637	-0.870531	0.000000	-0.492114	-0.492114	0.000000	0.870531	0.000000	1.000000	0.000000
44	4.969842	2.500030	-17.905106	-0.873472	0.000000	-0.486874	-0.486874	0.000000	0.873472	0.000000	1.000000	0.000000
45	4.926091	2.500030	-17.929313	-0.876370	0.000000	-0.481639	-0.481639	0.000000	0.876370	0.000000	1.000000	0.000000
46	4.882202	2.500030	-17.953260	-0.879223	0.000000	-0.476410	-0.476410	0.000000	0.879223	0.000000	1.000000	0.000000
47	4.838172	2.500030	-17.976946	-0.882033	0.000000	-0.471188	-0.471188	0.000000	0.882033	0.000000	1.000000	0.000000
48	4.793997	2.500030	-18.000370	-0.884799	0.000000	-0.465972	-0.465972	0.000000	0.884799	0.000000	1.000000	0.000000
49	4.749682	2.500030	-18.023532	-0.887523	-0.000000	-0.460764	-0.460764	0.000000	0.887523	-0.000000	1.000000	-0.000000
50	4.705234	2.500030	-18.046435	-0.890204	-0.000000	-0.455563	-0.455563	0.000000	0.890204	-0.000000	1.000000	-0.000000
51	4.660659	2.500030	-18.069080	-0.892843	-0.000000	-0.450369	-0.450369	0.000000	0.892843	-0.000000	1.000000	-0.000000
52	4.615954	2.500030	-18.091464	-0.895439	-0.000000	-0.445183	-0.445183	0.000000	0.895439	-0.000000	1.000000	-0.000000
53	4.571113	2.500030	-18.113589	-0.897995	-0.000000	-0.440006	-0.440006	0.000000	0.897995	-0.000000	1.000000	-0.000000
54	4.526144	2.500030	-18.135454	-0.900509	0.000000	-0.434838	-0.434838	0.000000	0.900509	0.000000	1.000000	0.000000
55	4.481052	2.500030	-18.157062	-0.902983	0.000000	-0.429677	-0.429677	0.000000	0.902983	0.000000	1.000000	0.000000
56	4.435844	2.500030	-18.178413	-0.905416	0.000000	-0.424525	-0.424525	0.000000	0.905416	0.000000	1.000000	0.000000
57	4.390515	2.500030	-18.199507	-0.907810	0.000000	-0.419381	-0.419381	0.000000	0.907810	0.000000	1.000000	0.000000
58	4.345061	2.500030	-18.220343	-0.910164	0.000000	-0.414247	-0.414247	-0.000000	0.910164	0.000000	1.000000	0.000000
59	4.299489	2.500030	-18.240921	-0.912480	0.000000	-0.409122	-0.409122	-0.000000	0.912480	0.000000	1.000000	0.000000
60	4.253804	2.500030	-18.261245	-0.914757	0.000000	-0.404006	-0.404006	-0.000000	0.914757	0.000000	1.000000	0.000000
61	4.208012	2.500030	-18.281314	-0.916995	0.000000	-0.398898	-0.398898	-0.000000	0.916995	0.000000	1.000000	0.000000
62	4.162109	2.500030	-18.301127	-0.919196	0.000000	-0.393800	-0.393800	-0.000000	0.919196	0.000000	1.000000	0.000000
63	4.116091	2.500030	-18.320685	-0.921360	0.000000	-0.388711	-0.388711	-0.000000	0.921360	0.000000	1.000000	0.000000
64	4.069964	2.500030	-18.339988	-0.923486	0.000000	-0.383633	-0.383633	-0.000000	0.923486	0.000000	1.000000	0.000000
65	4.023734	2.500030	-18.359038	-0.925575	0.000000	-0.378564	-0.378564	-0.000000	0.925575	0.000000	1.000000	0.000000
66	3.977406	2.500030	-18.377837	-0.927629	-0.000000	-0.373503	-0.373503	-0.000000	0.927629	-0.000000	1.000000	0.000000
67	3.930975	2.500030	-18.396382	-0.929646	-0.000000	-0.368453	-0.368453	-0.000000	0.929646	-0.000000	1.000000	0.000000
68	3.884440	2.500030	-18.414674	-0.931628	-0.000000	-0.363413	-0.363413	-0.000000	0.931628	-0.000000	1.000000	0.000000
69	3.837805	2.500030	-18.432714	-0.933575	0.000000	-0.358383	-0.358383	-0.000000	0.933575	0.000000	1.000000	0.000000
70	3.791075	2.500030	-18.450503	-0.935487	0.000000	-0.353362	-0.353362	-0.000000	0.935487	0.000000	1.000000	0.000000
71	3.744255	2.500030	-18.468042	-0.937364	-0.000000	-0.348351	-0.348351	-0.000000	0.937364	-0.000000	1.000000	0.000000
72	3.697342	2.500030	-18.485332	-0.939208	-0.000000	-0.343349	-0.343349	-0.000000	0.939208	-0.000000	1.000000	-0.000000
73	3.650334	2.500030	-18.502370	-0.941017	-0.000000	-0.338358	-0.338358	-0.000000	0.941017	-0.000000	1.000000	-0.000000
74	3.603233	2.500030	-18.519158	-0.942793	-0.000000	-0.333377	-0.333377	-0.000000	0.942793	-0.000000	1.000000	-0.000000
75	3.556047	2.500030	-18.535698	-0.944537	-0.000000	-0.328406	-0.328406	-0.000000	0.944537	-0.000000	1.000000	-0.000000
76	3.508779	2.500030	-18.551992	-0.946247	-0.000000	-0.323444	-0.323444	-0.000000	0.946247	-0.000000	1.000000	-0.000000
77	3.461427	2.500030	-18.568037	-0.947926	-0.000000	-0.318492	-0.318492	-0.000000	0.947926	-0.000000	1.000000	-0.000000
78	3.413986	2.500030	-18.583834	-0.949572	-0.000000	-0.313550	-0.313550	-0.000000	0.949572	-0.000000	1.000000	-0.000000
79	3.366463	2.500030	-18.599383	-0.951186	-0.000000	-0.308619	-0.308619	-0.000000	0.951186	-0.000000	1.000000	-0.000000
80	3.318861	2.500030	-18.614687	-0.952769	-0.000000	-0.303696	-0.303696	-0.000000	0.952769	-0.000000	1.000000	-0.000000
81	3.271186	2.500030	-18.629746	-0.954321	0.000000	-0.298783	-0.298783	-0.000000	0.954321	0.000000	1.000000	0.000000
82	3.223433	2.500030	-18.644560	-0.955842	0.000000	-0.293880	-0.293880	-0.000000	0.955842	0.000000	1.000000	0.000000
83	3.175601	2.500030	-18.659127	-0.957333	0.000000	-0.288987	-0.288987	-0.000000	0.957333	0.000000	1.000000	0.000000
84	3.127694	2.500030	-18.673450	-0.958794	0.000000	-0.284103	-0.284103	-0.000000	0.958794	0.000000	1.000000	0.000000
85	3.079716	2.500030	-18.687530	-0.960224	0.000000	-0.279229	-0.279229	-0.000000	0.960224	0.000000	1.000000	0.000000
86	3.031671	2.500030	-18.701367	-0.961626	0.000000	-0.274364	-0.274364	-0.000000	0.961626	0.000000	1.000000	0.000000
87	2.983557	2.500030	-18.714961	-0.962998	0.000000	-0.269508	-0.269508	-0.000000	0.962998	0.000000	1.000000	0.000000
88	2.935371	2.500030	-18.728312	-0.964341	0.000000	-0.264662	-0.264662	-0.000000	0.964341	0.000000	1.000000	0.000000
89	2.887118	2.500030	-18.741420	-0.965656	0.000000	-0.259826	-0.259826	-0.000000	0.965656	0.000000	1.000000	0.000000
90	2.838800	2.500030	-18.754286	-0.966942	0.000000	-0.254998	-0.254998	-0.000000	0.966942	0.000000	1.000000	0.000000
91	2.790424	2.500030	-18.766914	-0.968200	-0.000000	-0.250179	-0.250179	-0.000000	0.968200	-0.000000	1.000000	0.000000
92	2.741985	2.500030	-18.779300	-0.969430	-0.000000	-0.245368	-0.245368	-0.000000	0.969430	-0.000000	1.000000	-0.000000
93	2.693481	2.500030	-18.791445	-0.970632	-0.000000	-0.240568	-0.240568	-0.000000	0.970632	-0.000000	1.000000	-0.000000
94	2.644916	2.500030	-18.803349	-0.971807	-0.000000	-0.235776	-0.235776	-0.000000	0.971807	-0.000000	1.000000	-0.000000
95	2.596295	2.500030	-18.815015	-0.972956	-0.000000	-0.230992	-0.230992	-0.000000	0.972956	-0.000000	1.000000	-0.000000
96	2.547622	2.500030	-18.826443	-0.974077	-0.000000	-0.226217	-0.226217	-0.000000	0.974077	-0.000000	1.000000	-0.000000
97	2.498892	2.500030	-18.837633	-0.975172	-0.000000	-0.221450	-0.221450	-0.000000	0.975172	-0.000000	1.000000	-0.000000
98	2.450105	2.500030	-18.848583	-0.976240	-0.000000	-0.216692	-0.216692	-0.000000	0.976240	-0.000000	1.000000	-0.000000
99	2.401263	2.500030	-18.859295	-0.977282	-0.000000	-0.211943	-0.211943	-0.000000	0.977282	-0.000000	1.000000	-0.000000
100	2.352372	2.500030	-18.869771	-0.978298	-0.000000	-0.207201	-0.207201	-0.000000	0.978298	-0.000000	1.000000	-0.000000
101	2.303434	2.500030	-18.880011	-0.979289	0.000000	-0.202466	-0.202466	-0.000000	0.979289	0.000000	1.000000	0.000000
102	2.254447	2.500030	-18.890014	-0.980255	0.000000	-0.197740	-0.197740	-0.000000	0.980255	0.000000	1.000000	0.000000
103	2.205409	2.500030	-18.899780	-0.981195	0.000000	-0.193021	-0.193021	-0.000000	0.981195	0.000000	1.000000	0.000000
104	2.156323	2.500030	-18.909310	-0.982110	0.000000	-0.188311	-0.188311	-0.000000	0.982110	0.000000	1.000000	0.000000
105	2.107194	2.500030	-18.918605	-0.983000	0.000000	-0.183607	-0.183607	-0.000000	0.983000	0.000000	1.000000	0.000000
106	2.058024	2.500030	-18.927666	-0.983865	0.000000	-0.178910	-0.178910	-0.000000	0.983865	-0.000000	1.000000	0.000000
107	2.008812	2.500030	-18.936493	-0.984707	0.000000	-0.174221	-0.174221	-0.000000	0.984707	-0.000000	1.000000	0.000000
108	1.959554	2.500030	-18.945084	-0.985524	0.000000	-0.169539	-0.169539	-0.000000	0.985524	-0.000000	1.000000	0.000000
109	1.910255	2.500030	-18.953442	-0.986316	0.000000	-0.164864	-0.164864	-0.000000	0.986316	-0.000000	1.000000	0.000000
110	1.860919	2.500030	-18.961565	-0.987085	0.000000	-0.160196	-0.160196	-0.000000	0.987085	-0.000000	1.000000	0.000000
111	1.811548	2.500030	-18.969457	-0.987831	0.000000	-0.155533	-0.155533	-0.000000	0.987831	-0.000000	1.000000	0.000000
112	1.762140	2.500030	-18.977116	-0.988552	0.000000	-0.150878	-0.150878	-0.000000	0.988552	-0.000000	1.000000	0.000000
113	1.712693	2.500030	-18.984542	-0.989251	0.000000	-0.146229	-0.146229	-0.000000	0.989251	-0.000000	1.000000	0.000000
114	1.663211	2.500030	-18.991734	-0.989926	0.000000	-0.141587	-0.141587	-0.000000	0.989926	-0.000000	1.000000	0.000000
115	1.613697	2.500030	-18.998696	-0.990578	0.000000	-0.136950	-0.136950	-0.000000	0.990578	-0.000000	1.000000	0.000000
116	1.564155	2.500030	-19.005426	-0.991207	0.000000	-0.132318	-0.132318	-0.000000	0.991207	-0.000000	1.000000	0.000000
117	1.514581	2.500030	-19.011925	-0.991814	0.000000	-0.127693	-0.127693	-0.000000	0.991814	-0.000000	1.000000	0.000000
118	1.464974	2.500030	-19.018192	-0.992398	0.000000	-0.123073	-0.123073	-0.000000	0.992398	-0.000000	1.000000	0.000000
119	1.415338	2.500030	-19.024228	-0.992959	0.000000	-0.118459	-0.118459	-0.000000	0.992959	-0.000000	1.000000	0.000000
120	1.365675	2.500030	-19.030034	-0.993498	0.000000	-0.113850	-0.113850	-0.000000	0.993498	-0.000000	1.000000	0.000000
121	1.315989	2.500030	-19.035611	-0.994015	0.000000	-0.109245	-0.109245	-0.000000	0.994015	-0.000000	1.000000	0.000000
122	1.266278	2.500030	-19.040957	-0.994510	0.000000	-0.104646	-0.104646	-0.000000	0.994510	-0.000000	1.000000	0.000000
123	1.216539	2.500030	-19.046073	-0.994982	0.000000	-0.100052	-0.100052	-0.000000	0.994982	-0.000000	1.000000	0.000000
124	1.166777	2.500030	-19.050959	-0.995433	0.000000	-0.095462	-0.095462	-0.000000	0.995433	-0.000000	1.000000	0.000000
125	1.116993	2.500030	-19.055616	-0.995862	0.000000	-0.090877	-0.090877	-0.000000	0.995862	-0.000000	1.000000	0.000000
126	1.067192	2.500030	-19.060044	-0.996270	0.000000	-0.086295	-0.086295	-0.000000	0.996270	-0.000000	1.000000	0.000000
127	1.017370	2.500030	-19.064243	-0.996656	0.000000	-0.081717	-0.081717	-0.000000	0.996656	-0.000000	1.000000	0.000000
128	0.967527	2.500030	-19.068214	-0.997020	0.000000	-0.077144	-0.077144	-0.000000	0.997020	-0.000000	1.000000	0.000000
129	0.917665	2.500030	-19.071955	-0.997363	0.000000	-0.072575	-0.072575	-0.000000	0.997363	-0.000000	1.000000	0.000000
130	0.867788	2.500030	-19.075469	-0.997685	0.000000	-0.068009	-0.068009	-0.000000	0.997685	-0.000000	1.000000	0.000000
131	0.817899	2.500030	-19.078754	-0.997985	-0.000000	-0.063446	-0.063446	-0.000000	0.997985	-0.000000	1.000000	0.000000
132	0.767994	2.500030	-19.081812	-0.998265	-0.000000	-0.058886	-0.058886	-0.000000	0.998265	-0.000000	1.000000	0.000000
133	0.718073	2.500030	-19.084641	-0.998523	-0.000000	-0.054330	-0.054330	-0.000000	0.998523	-0.000000	1.000000	0.000000
134	0.668139	2.500030	-19.087243	-0.998760	-0.000000	-0.049777	-0.049777	-0.000000	0.998760	-0.000000	1.000000	0.000000
135	0.618194	2.500030	-19.089617	-0.998977	-0.000000	-0.045227	-0.045227	-0.000000	0.998977	-0.000000	1.000000	0.000000
136	0.568243	2.500030	-19.091764	-0.999172	0.000000	-0.040678	-0.040678	-0.000000	0.999172	0.000000	1.000000	0.000000
137	0.518281	2.500030	-19.093684	-0.999347	0.000000	-0.036132	-0.036132	-0.000000	0.999347	0.000000	1.000000	0.000000
138	0.468309	2.500030	-19.095377	-0.999501	0.000000	-0.031588	-0.031588	-0.000000	0.999501	0.000000	1.000000	0.000000
139	0.418328	2.500030	-19.096842	-0.999634	0.000000	-0.027047	-0.027047	-0.000000	0.999634	0.000000	1.000000	0.000000
140	0.368343	2.500030	-19.098080	-0.999747	0.000000	-0.022508	-0.022508	-0.000000	0.999747	0.000000	1.000000	0.000000
141	0.318356	2.500030	-19.099092	-0.999839	0.000000	-0.017969	-0.017969	-0.000000	0.999839	0.000000	1.000000	0.000000
142	0.268363	2.500030	-19.099876	-0.999910	0.000000	-0.013432	-0.013432	-0.000000	0.999910	0.000000	1.000000	0.000000
143	0.218365	2.500030	-19.100434	-0.999960	0.000000	-0.008897	-0.008897	-0.000000	0.999960	0.000000	1.000000	0.000000
144	0.168365	2.500030	-19.100765	-0.999990	0.000000	-0.004363	-0.004363	-0.000000	0.999990	0.000000	1.000000	0.000000
145	0.118364	2.500030	-19.100870	-1.000000	0.000000	0.000170	0.000170	-0.000000	1.000000	0.000000	1.000000	0.000000
146	0.068366	2.500030	-19.100748	-0.999989	0.000000	0.004703	0.004703	-0.000000	0.999989	0.000000	1.000000	0.000000
147	0.018369	2.500030	-19.100400	-0.999957	0.000000	0.009235	0.009235	-0.000000	0.999957	0.000000	1.000000	0.000000
148	-0.031628	2.500030	-19.099825	-0.999905	0.000000	0.013766	0.013766	-0.000000	0.999905	0.000000	1.000000	0.000000
149	-0.081624	2.500030	-19.099023	-0.999833	-0.000000	0.018297	0.018297	-0.000000	0.999833	-0.000000	1.000000	0.000000
150	-0.131614	2.500030	-19.097995	-0.999739	-0.000000	0.022827	0.022827	-0.000000	0.999739	-0.000000	1.000000	0.000000
151	-0.181596	2.500030	-19.096740	-0.999626	-0.000000	0.027359	0.027359	-0.000000	0.999626	-0.000000	1.000000	0.000000
152	-0.231572	2.500030	-19.095259	-0.999491	-0.000000	0.031891	0.031891	-0.000000	0.999491	-0.000000	1.000000	0.000000
153	-0.281544	2.500030	-19.093552	-0.999336	-0.000000	0.036422	0.036422	-0.000000	0.999336	-0.000000	1.000000	0.000000
154	-0.331509	2.500030	-19.091618	-0.999161	-0.000000	0.040954	0.040954	-0.000000	0.999161	-0.000000	1.000000	0.000000
155	-0.381463	2.500030	-19.089457	-0.998965	-0.000000	0.045487	0.045487	-0.000000	0.998965	-0.000000	1.000000	0.000000
156	-0.431404	2.500030	-19.087070	-0.998748	-0.000000	0.050021	0.050021	-0.000000	0.998748	-0.000000	1.000000	0.000000
157	-0.481334	2.500030	-19.084456	-0.998511	-0.000000	0.054557	0.054557	-0.000000	0.998511	-0.000000	1.000000	0.000000
158	-0.531254	2.500030	-19.081615	-0.998252	-0.000000	0.059093	0.059093	-0.000000	0.998252	-0.000000	1.000000	0.000000
159	-0.581162	2.500030	-19.078548	-0.997974	-0.000000	0.063631	0.063631	-0.000000	0.997974	-0.000000	1.000000	0.000000
160	-0.631054	2.500030	-19.075253	-0.997674	-0.000000	0.068170	0.068170	-0.000000	0.997674	-0.000000	1.000000	0.000000
161	-0.680927	2.500030	-19.071732	-0.997353	-0.000000	0.072712	0.072712	-0.000000	0.997353	-0.000000	1.000000	0.000000
162	-0.730785	2.500030	-19.067983	-0.997011	-0.000000	0.077256	0.077256	-0.000000	0.997011	-0.000000	1.000000	0.000000
163	-0.780628	2.500030	-19.064008	-0.996649	-0.000000	0.081801	0.081801	-0.000000	0.996649	-0.000000	1.000000	0.000000
164	-0.830453	2.500030	-19.059805	-0.996265	-0.000000	0.086348	0.086348	-0.000000	0.996265	-0.000000	1.000000	0.000000
165	-0.880257	2.500030	-19.055375	-0.995860	-0.000000	0.090898	0.090898	0.000000	0.995860	-0.000000	1.000000	0.000000
166	-0.930037	2.500030	-19.050717	-0.995434	-0.000000	0.095452	0.095452	0.000000	0.995434	-0.000000	1.000000	0.000000
167	-0.979796	2.500030	-19.045831	-0.994987	-0.000000	0.100008	0.100008	0.000000	0.994987	-0.000000	1.000000	0.000000
168	-1.029535	2.500030	-19.040718	-0.994518	-0.000000	0.104566	0.104566	0.000000	0.994518	-0.000000	1.000000	0.000000
169	-1.079251	2.500030	-19.035377	-0.994028	0.000000	0.109128	0.109128	0.000000	0.994028	0.000000	1.000000	-0.000000
170	-1.128941	2.500030	-19.029808	-0.993516	0.000000	0.113693	0.113693	0.000000	0.993516	0.000000	1.000000	-0.000000
171	-1.178601	2.500030	-19.024010	-0.992982	0.000000	0.118262	0.118262	0.000000	0.992982	0.000000	1.000000	-0.000000
172	-1.228235	2.500030	-19.017984	-0.992427	0.000000	0.122835	0.122835	0.000000	0.992427	0.000000	1.000000	-0.000000
173	-1.277843	2.500030	-19.011729	-0.991850	0.000000	0.127411	0.127411	-0.000000	0.991850	0.000000	1.000000	-0.000000
174	-1.327423	2.500030	-19.005246	-0.991251	0.000000	0.131990	0.131990	-0.000000	0.991251	0.000000	1.000000	-0.000000
175	-1.376971	2.500030	-18.998534	-0.990630	0.000000	0.136574	0.136574	-0.000000	0.990630	0.000000	1.000000	-0.000000
176	-1.426484	2.500030	-18.991591	-0.989986	0.000000	0.141163	0.141163	-0.000000	0.989986	0.000000	1.000000	-0.000000
177	-1.475966	2.500030	-18.984419	-0.989320	0.000000	0.145757	0.145757	-0.000000	0.989320	0.000000	1.000000	-0.000000
178	-1.525416	2.500030	-18.977019	-0.988632	0.000000	0.150354	0.150354	-0.000000	0.988632	0.000000	1.000000	0.000000
179	-1.574833	2.500030	-18.969388	-0.987921	-0.000000	0.154956	0.154956	-0.000000	0.987921	-0.000000	1.000000	0.000000
180	-1.624212	2.500030	-18.961527	-0.987188	-0.000000	0.159563	0.159563	-0.000000	0.987188	-0.000000	1.000000	0.000000
181	-1.673550	2.500030	-18.953435	-0.986431	-0.000000	0.164176	0.164176	-0.000000	0.986431	-0.000000	1.000000	0.000000
182	-1.722850	2.500030	-18.945112	-0.985651	-0.000000	0.168794	0.168794	-0.000000	0.985651	-0.000000	1.000000	0.000000
183	-1.772115	2.500030	-18.936559	-0.984849	-0.000000	0.173417	0.173417	-0.000000	0.984849	-0.000000	1.000000	0.000000
184	-1.821339	2.500030	-18.927775	-0.984022	-0.000000	0.178045	0.178045	-0.000000	0.984022	-0.000000	1.000000	0.000000
185	-1.870520	2.500030	-18.918759	-0.983173	-0.000000	0.182679	0.182679	-0.000000	0.983173	-0.000000	1.000000	0.000000
186	-1.919655	2.500030	-18.909511	-0.982299	-0.000000	0.187319	0.187319	-0.000000	0.982299	-0.000000	1.000000	0.000000
187	-1.968746	2.500030	-18.900030	-0.981402	-0.000000	0.191965	0.191965	-0.000000	0.981402	-0.000000	1.000000	0.000000
188	-2.017795	2.500030	-18.890318	-0.980481	-0.000000	0.196616	0.196616	-0.000000	0.980481	-0.000000	1.000000	0.000000
189	-2.066799	2.500030	-18.880374	-0.979535	-0.000000	0.201274	0.201274	-0.000000	0.979535	-0.000000	1.000000	0.000000
190	-2.115752	2.500030	-18.870196	-0.978565	-0.000000	0.205938	0.205938	0.000000	0.978565	-0.000000	1.000000	0.000000
191	-2.164654	2.500030	-18.859784	-0.977570	-0.000000	0.210609	0.210609	0.000000	0.977570	-0.000000	1.000000	0.000000
192	-2.213505	2.500030	-18.849139	-0.976551	-0.000000	0.215287	0.215287	0.000000	0.976551	-0.000000	1.000000	0.000000
193	-2.262309	2.500030	-18.838260	-0.975507	-0.000000	0.219971	0.219971	0.000000	0.975507	-0.000000	1.000000	0.000000
194	-2.311061	2.500030	-18.827148	-0.974437	-0.000000	0.224661	0.224661	0.000000	0.974437	-0.000000	1.000000	0.000000
195	-2.359757	2.500030	-18.815800	-0.973342	-0.000000	0.229359	0.229359	0.000000	0.973342	-0.000000	1.000000	0.000000
196	-2.408393	2.500030	-18.804216	-0.972221	0.000000	0.234064	0.234064	0.000000	0.972221	0.000000	1.000000	-0.000000
197	-2.456975	2.500030	-18.792397	-0.971074	0.000000	0.238777	0.238777	0.000000	0.971074	0.000000	1.000000	-0.000000
198	-2.505501	2.500030	-18.780344	-0.969902	0.000000	0.243496	0.243496	0.000000	0.969902	0.000000	1.000000	-0.000000
199	-2.553970	2.500030	-18.768054	-0.968703	0.000000	0.248223	0.248223	0.000000	0.968703	0.000000	1.000000	-0.000000
200	-2.602376	2.500030	-18.755528	-0.967478	0.000000	0.252957	0.252957	0.000000	0.967478	0.000000	1.000000	-0.000000
201	-2.650716	2.500030	-18.742763	-0.966225	0.000000	0.257699	0.257699	0.000000	0.966225	0.000000	1.000000	-0.000000
202	-2.698995	2.500030	-18.729762	-0.964946	0.000000	0.262450	0.262450	0.000000	0.964946	0.000000	1.000000	-0.000000
203	-2.747212	2.500030	-18.716524	-0.963639	0.000000	0.267207	0.267207	-0.000000	0.963639	0.000000	1.000000	-0.000000
204	-2.795364	2.500030	-18.703049	-0.962305	0.000000	0.271972	0.271972	-0.000000	0.962305	0.000000	1.000000	-0.000000
205	-2.843447	2.500030	-18.689334	-0.960943	0.000000	0.276746	0.276746	-0.000000	0.960943	0.000000	1.000000	-0.000000
206	-2.891457	2.500030	-18.675379	-0.959553	0.000000	0.281528	0.281528	-0.000000	0.959553	0.000000	1.000000	-0.000000
207	-2.939398	2.500030	-18.661186	-0.958135	0.000000	0.286318	0.286318	-0.000000	0.958135	0.000000	1.000000	-0.000000
208	-2.987272	2.500030	-18.646754	-0.956688	0.000000	0.291116	0.291116	-0.000000	0.956688	0.000000	1.000000	-0.000000
209	-3.035073	2.500030	-18.632082	-0.955212	-0.000000	0.295922	0.295922	-0.000000	0.955212	-0.000000	1.000000	0.000000
210	-3.082799	2.500030	-18.617169	-0.953707	-0.000000	0.300737	0.300737	-0.000000	0.953707	-0.000000	1.000000	0.000000
211	-3.130443	2.500030	-18.602014	-0.952173	-0.000000	0.305561	0.305561	-0.000000	0.952173	-0.000000	1.000000	0.000000
212	-3.178012	2.500030	-18.586618	-0.950608	-0.000000	0.310393	0.310393	-0.000000	0.950608	-0.000000	1.000000	0.000000
213	-3.225505	2.500030	-18.570981	-0.949014	-0.000000	0.315233	0.315233	-0.000000	0.949014	-0.000000	1.000000	0.000000
214	-3.272920	2.500030	-18.555103	-0.947390	-0.000000	0.320082	0.320082	0.000000	0.947390	-0.000000	1.000000	0.000000
215	-3.320250	2.500030	-18.538981	-0.945735	-0.000000	0.324940	0.324940	0.000000	0.945735	-0.000000	1.000000	0.000000
216	-3.367493	2.500030	-18.522615	-0.944049	-0.000000	0.329807	0.329807	0.000000	0.944049	-0.000000	1.000000	0.000000
217	-3.414651	2.500030	-18.506006	-0.942331	-0.000000	0.334682	0.334682	0.000000	0.942331	-0.000000	1.000000	0.000000
218	-3.461727	2.500030	-18.489154	-0.940582	-0.000000	0.339566	0.339566	0.000000	0.940582	-0.000000	1.000000	0.000000
219	-3.508717	2.500030	-18.472058	-0.938802	-0.000000	0.344458	0.344458	0.000000	0.938802	-0.000000	1.000000	-0.000000
220	-3.555614	2.500030	-18.454717	-0.936989	0.000000	0.349360	0.349360	0.000000	0.936989	0.000000	1.000000	-0.000000
221	-3.602415	2.500030	-18.437129	-0.935143	0.000000	0.354271	0.354271	0.000000	0.935143	0.000000	1.000000	-0.000000
222	-3.649124	2.500030	-18.419296	-0.933264	0.000000	0.359190	0.359190	0.000000	0.933264	0.000000	1.000000	-0.000000
223	-3.695744	2.500030	-18.401218	-0.931353	0.000000	0.364118	0.364118	0.000000	0.931353	0.000000	1.000000	-0.000000
224	-3.742268	2.500030	-18.382893	-0.929408	0.000000	0.369054	0.369054	0.000000	0.929408	0.000000	1.000000	-0.000000
225	-3.788691	2.500030	-18.364321	-0.927429	0.000000	0.374000	0.374000	0.000000	0.927429	0.000000	1.000000	-0.000000
226	-3.835010	2.500030	-18.345500	-0.925415	0.000000	0.378955	0.378955	0.000000	0.925415	0.000000	1.000000	-0.000000
227	-3.881229	2.500030	-18.326432	-0.923367	0.000000	0.383918	0.383918	0.000000	0.923367	0.000000	1.000000	-0.000000
228	-3.927349	2.500030	-18.307116	-0.921284	0.000000	0.388890	0.388890	-0.000000	0.921284	0.000000	1.000000	-0.000000
229	-3.973366	2.500030	-18.287552	-0.919166	0.000000	0.393870	0.393870	-0.000000	0.919166	0.000000	1.000000	-0.000000
230	-4.019274	2.500030	-18.267739	-0.917012	0.000000	0.398859	0.398859	-0.000000	0.917012	0.000000	1.000000	-0.000000
231	-4.065067	2.500030	-18.247674	-0.914822	-0.000000	0.403857	0.403857	-0.000000	0.914822	-0.000000	1.000000	0.000000
232	-4.110752	2.500030	-18.227360	-0.912596	-0.000000	0.408863	0.408863	-0.000000	0.912596	-0.000000	1.000000	0.000000
233	-4.156330	2.500030	-18.206796	-0.910333	-0.000000	0.413877	0.413877	-0.000000	0.910333	-0.000000	1.000000	0.000000
234	-4.201795	2.500030	-18.185982	-0.908032	0.000000	0.418900	0.418900	-0.000000	0.908032	0.000000	1.000000	-0.000000
235	-4.247141	2.500030	-18.164916	-0.905695	0.000000	0.423930	0.423930	-0.000000	0.905695	0.000000	1.000000	-0.000000
236	-4.292364	2.500030	-18.143597	-0.903319	-0.000000	0.428970	0.428970	-0.000000	0.903319	-0.000000	1.000000	0.000000
237	-4.337469	2.500030	-18.122026	-0.900905	-0.000000	0.434017	0.434017	-0.000000	0.900905	-0.000000	1.000000	0.000000
238	-4.382458	2.500030	-18.100204	-0.898452	-0.000000	0.439072	0.439072	-0.000000	0.898452	-0.000000	1.000000	0.000000
239	-4.427324	2.500030	-18.078129	-0.895961	-0.000000	0.444134	0.444134	-0.000000	0.895961	-0.000000	1.000000	0.000000
240	-4.472063	2.500030	-18.055800	-0.893429	-0.000000	0.449204	0.449204	0.000000	0.893429	-0.000000	1.000000	0.000000
241	-4.516668	2.500030	-18.033217	-0.890858	-0.000000	0.454282	0.454282	0.000000	0.890858	-0.000000	1.000000	0.000000
242	-4.561145	2.500030	-18.010380	-0.888247	-0.000000	0.459367	0.459367	0.000000	0.888247	-0.000000	1.000000	0.000000
243	-4.605496	2.500030	-17.987289	-0.885595	-0.000000	0.464459	0.464459	0.000000	0.885595	-0.000000	1.000000	0.000000
244	-4.649715	2.500030	-17.963944	-0.882902	-0.000000	0.469557	0.469557	0.000000	0.882902	-0.000000	1.000000	0.000000
245	-4.693796	2.500030	-17.940344	-0.880168	-0.000000	0.474663	0.474663	0.000000	0.880168	-0.000000	1.000000	0.000000
246	-4.737733	2.500030	-17.916487	-0.877392	0.000000	0.479775	0.479775	0.000000	0.877392	0.000000	1.000000	-0.000000
247	-4.781531	2.500030	-17.892374	-0.874574	0.000000	0.484892	0.484892	0.000000	0.874574	0.000000	1.000000	-0.000000
248	-4.825194	2.500030	-17.868007	-0.871714	0.000000	0.490015	0.490015	0.000000	0.871714	0.000000	1.000000	-0.000000
249	-4.868715	2.500030	-17.843383	-0.868811	0.000000	0.495144	0.495144	0.000000	0.868811	0.000000	1.000000	-0.000000
250	-4.912086	2.500030	-17.818503	-0.865865	0.000000	0.500278	0.500278	0.000000	0.865865	0.000000	1.000000	-0.000000
251	-4.955302	2.500030	-17.793365	-0.862875	0.000000	0.505418	0.505418	0.000000	0.862875	0.000000	1.000000	-0.000000
252	-4.998369	2.500030	-17.767969	-0.859840	0.000000	0.510563	0.510563	0.000000	0.859840	0.000000	1.000000	-0.000000
253	-5.041290	2.500030	-17.742317	-0.856762	0.000000	0.515713	0.515713	-0.000000	0.856762	0.000000	1.000000	-0.000000
254	-5.084058	2.500030	-17.716408	-0.853638	0.000000	0.520866	0.520866	-0.000000	0.853638	0.000000	1.000000	-0.000000
255	-5.126665	2.500030	-17.690241	-0.850470	0.000000	0.526024	0.526024	-0.000000	0.850470	0.000000	1.000000	-0.000000
256	-5.169106	2.500030	-17.663815	-0.847255	-0.000000	0.531186	0.531186	-0.000000	0.847255	-0.000000	1.000000	0.000000
257	-5.211387	2.500030	-17.637131	-0.843995	-0.000000	0.536351	0.536351	-0.000000	0.843995	-0.000000	1.000000	0.000000
258	-5.253510	2.500030	-17.610189	-0.840689	-0.000000	0.541518	0.541518	-0.000000	0.840689	-0.000000	1.000000	0.000000
259	-5.295469	2.500030	-17.582989	-0.837336	-0.000000	0.546688	0.546688	-0.000000	0.837336	-0.000000	1.000000	0.000000
260	-5.337256	2.500030	-17.555530	-0.833937	-0.000000	0.551860	0.551860	0.000000	0.833937	-0.000000	1.000000	0.000000
261	-5.378864	2.500030	-17.527813	-0.830490	-0.000000	0.557034	0.557034	0.000000	0.830490	-0.000000	1.000000	0.000000
262	-5.420301	2.500030	-17.499836	-0.826995	-0.000000	0.562209	0.562209	0.000000	0.826995	-0.000000	1.000000	0.000000
263	-5.461568	2.500030	-17.471601	-0.823452	-0.000000	0.567385	0.567385	0.000000	0.823452	-0.000000	1.000000	0.000000
264	-5.502660	2.500030	-17.443107	-0.819862	-0.000000	0.572562	0.572562	0.000000	0.819862	-0.000000	1.000000	0.000000
265	-5.543567	2.500030	-17.414354	-0.816222	-0.000000	0.577738	0.577738	0.000000	0.816222	-0.000000	1.000000	0.000000
266	-5.584283	2.500030	-17.385343	-0.812534	0.000000	0.582914	0.582914	0.000000	0.812534	0.000000	1.000000	-0.000000
267	-5.624816	2.500030	-17.356073	-0.808797	0.000000	0.588088	0.588088	0.000000	0.808797	0.000000	1.000000	-0.000000
268	-5.665168	2.500030	-17.326543	-0.805010	0.000000	0.593261	0.593261	0.000000	0.805010	0.000000	1.000000	-0.000000
269	-5.705332	2.500030	-17.296755	-0.801173	0.000000	0.598432	0.598432	0.000000	0.801173	0.000000	1.000000	-0.000000
270	-5.745298	2.500030	-17.266709	-0.797287	0.000000	0.603601	0.603601	0.000000	0.797287	0.000000	1.000000	-0.000000
271	-5.785062	2.500030	-17.236405	-0.793350	0.000000	0.608765	0.608765	0.000000	0.793350	0.000000	1.000000	-0.000000
272	-5.824630	2.500030	-17.205842	-0.789363	0.000000	0.613926	0.613926	0.000000	0.789363	0.000000	1.000000	-0.000000
273	-5.864004	2.500030	-17.175021	-0.785325	0.000000	0.619083	0.619083	-0.000000	0.785325	0.000000	1.000000	-0.000000
274	-5.903177	2.500030	-17.143942	-0.781236	0.000000	0.624235	0.624235	-0.000000	0.781236	0.000000	1.000000	-0.000000
275	-5.942141	2.500030	-17.112606	-0.777096	0.000000	0.629382	0.629382	-0.000000	0.777096	0.000000	1.000000	-0.000000
276	-5.980888	2.500030	-17.081014	-0.772905	-0.000000	0.634521	0.634521	-0.000000	0.772905	-0.000000	1.000000	0.000000
277	-6.019427	2.500030	-17.049164	-0.768663	-0.000000	0.639654	0.639654	-0.000000	0.768663	-0.000000	1.000000	0.000000
278	-6.057760	2.500030	-17.017057	-0.764368	-0.000000	0.644780	0.644780	-0.000000	0.764368	-0.000000	1.000000	0.000000
279	-6.095879	2.500030	-16.984694	-0.760022	-0.000000	0.649897	0.649897	-0.000000	0.760022	-0.000000	1.000000	0.000000
280	-6.133776	2.500030	-16.952075	-0.755624	-0.000000	0.655006	0.655006	0.000000	0.755624	-0.000000	1.000000	0.000000
281	-6.171443	2.500030	-16.919203	-0.751175	-0.000000	0.660104	0.660104	0.000000	0.751175	-0.000000	1.000000	0.000000
282	-6.208890	2.500030	-16.886075	-0.746672	-0.000000	0.665192	0.665192	0.000000	0.746672	-0.000000	1.000000	0.000000
283	-6.246117	2.500030	-16.852692	-0.742117	-0.000000	0.670270	0.670270	0.000000	0.742117	-0.000000	1.000000	0.000000
284	-6.283116	2.500030	-16.819055	-0.737510	-0.000000	0.675336	0.675336	0.000000	0.737510	-0.000000	1.000000	0.000000
285	-6.319881	2.500030	-16.785165	-0.732852	-0.000000	0.680388	0.680388	0.000000	0.732852	-0.000000	1.000000	0.000000
286	-6.356403	2.500030	-16.751026	-0.728143	0.000000	0.685426	0.685426	0.000000	0.728143	0.000000	1.000000	-0.000000
287	-6.392691	2.500030	-16.716633	-0.723374	0.000000	0.690457	0.690457	0.000000	0.723374	0.000000	1.000000	-0.000000
288	-6.428746	2.500030	-16.681987	-0.718548	0.000000	0.695478	0.695478	0.000000	0.718548	0.000000	1.000000	-0.000000
289	-6.464561	2.500030	-16.647091	-0.713675	0.000000	0.700477	0.700477	0.000000	0.713675	0.000000	1.000000	-0.000000
290	-6.500129	2.500030	-16.611947	-0.708766	0.000000	0.705444	0.705444	0.000000	0.708766	0.000000	1.000000	-0.000000
291	-6.535442	2.500030	-16.576559	-0.703835	0.000000	0.710364	0.710364	0.000000	0.703835	0.000000	1.000000	-0.000000
292	-6.570507	2.500030	-16.540920	-0.698888	0.000000	0.715231	0.715231	-0.000000	0.698888	0.000000	1.000000	-0.000000
293	-6.605326	2.500030	-16.505033	-0.693904	0.000000	0.720068	0.720068	-0.000000	0.693904	0.000000	1.000000	-0.000000
294	-6.639897	2.500030	-16.468903	-0.688890	0.000000	0.724865	0.724865	-0.000000	0.688890	0.000000	1.000000	-0.000000
295	-6.674214	2.500030	-16.432537	-0.683857	0.000000	0.729616	0.729616	-0.000000	0.683857	0.000000	1.000000	-0.000000
296	-6.708276	2.500030	-16.395943	-0.678812	-0.000000	0.734312	0.734312	-0.000000	0.678812	-0.000000	1.000000	0.000000
297	-6.742085	2.500030	-16.359110	-0.673750	-0.000000	0.738960	0.738960	-0.000000	0.673750	-0.000000	1.000000	0.000000
298	-6.775641	2.500030	-16.322039	-0.668669	-0.000000	0.743561	0.743561	-0.000000	0.668669	-0.000000	1.000000	0.000000
299	-6.808944	2.500030	-16.284738	-0.663572	-0.000000	0.748112	0.748112	-0.000000	0.663572	-0.000000	1.000000	0.000000
300	-6.841991	2.500030	-16.247214	-0.658465	-0.000000	0.752611	0.752611	-0.000000	0.658465	-0.000000	1.000000	0.000000
301	-6.874781	2.500030	-16.209474	-0.653352	0.000000	0.757054	0.757054	-0.000000	0.653352	0.000000	1.000000	0.000000
302	-6.907315	2.500030	-16.171512	-0.648232	0.000000	0.761443	0.761443	-0.000000	0.648232	0.000000	1.000000	0.000000
303	-6.939594	2.500030	-16.133324	-0.643103	0.000000	0.765780	0.765780	-0.000000	0.643103	0.000000	1.000000	0.000000
304	-6.971617	2.500030	-16.094919	-0.637967	0.000000	0.770064	0.770064	-0.000000	0.637967	0.000000	1.000000	0.000000
305	-7.003383	2.500030	-16.056304	-0.632824	0.000000	0.774296	0.774296	-0.000000	0.632824	0.000000	1.000000	0.000000
306	-7.034890	2.500030	-16.017487	-0.627676	0.000000	0.778475	0.778475	-0.000000	0.627676	0.000000	1.000000	0.000000
307	-7.066140	2.500030	-15.978460	-0.622523	0.000000	0.782602	0.782602	-0.000000	0.622523	0.000000	1.000000	0.000000
308	-7.097132	2.500030	-15.939221	-0.617364	0.000000	0.786677	0.786677	-0.000000	0.617364	0.000000	1.000000	0.000000
309	-7.127867	2.500030	-15.899777	-0.612202	0.000000	0.790701	0.790701	-0.000000	0.612202	0.000000	1.000000	0.000000
310	-7.158343	2.500030	-15.860137	-0.607036	0.000000	0.794674	0.794674	-0.000000	0.607036	0.000000	1.000000	0.000000
311	-7.188561	2.500030	-15.820307	-0.601868	0.000000	0.798596	0.798596	-0.000000	0.601868	0.000000	1.000000	0.000000
312	-7.218520	2.500030	-15.780281	-0.596698	0.000000	0.802466	0.802466	-0.000000	0.596698	0.000000	1.000000	0.000000
313	-7.248221	2.500030	-15.740056	-0.591526	0.000000	0.806286	0.806286	-0.000000	0.591526	0.000000	1.000000	0.000000
314	-7.277663	2.500030	-15.699638	-0.586353	0.000000	0.810056	0.810056	-0.000000	0.586353	0.000000	1.000000	0.000000
315	-7.306846	2.500030	-15.659037	-0.581179	0.000000	0.813776	0.813776	-0.000000	0.581179	0.000000	1.000000	0.000000
316	-7.335771	2.500030	-15.618258	-0.576005	0.000000	0.817446	0.817446	-0.000000	0.576005	0.000000	1.000000	0.000000
317	-7.364437	2.500030	-15.577296	-0.570832	0.000000	0.821067	0.821067	-0.000000	0.570832	0.000000	1.000000	0.000000
318	-7.392844	2.500030	-15.536147	-0.565660	0.000000	0.824639	0.824639	-0.000000	0.565660	0.000000	1.000000	0.000000
319	-7.420993	2.500030	-15.494819	-0.560489	0.000000	0.828162	0.828162	-0.000000	0.560489	0.000000	1.000000	0.000000
320	-7.448883	2.500030	-15.453318	-0.555320	0.000000	0.831636	0.831636	-0.000000	0.555320	0.000000	1.000000	0.000000
321	-7.476515	2.500030	-15.411652	-0.550154	0.000000	0.835063	0.835063	-0.000000	0.550154	0.000000	1.000000	0.000000
322	-7.503889	2.500030	-15.369815	-0.544990	0.000000	0.838442	0.838442	-0.000000	0.544990	0.000000	1.000000	0.000000
323	-7.531004	2.500030	-15.327804	-0.539830	0.000000	0.841774	0.841774	-0.000000	0.539830	0.000000	1.000000	0.000000
324	-7.557862	2.500030	-15.285625	-0.534673	0.000000	0.845059	0.845059	-0.000000	0.534673	0.000000	1.000000	0.000000
325	-7.584461	2.500030	-15.243286	-0.529520	0.000000	0.848297	0.848297	-0.000000	0.529520	0.000000	1.000000	0.000000
326	-7.610804	2.500030	-15.200792	-0.524372	0.000000	0.851490	0.851490	-0.000000	0.524372	0.000000	1.000000	0.000000
327	-7.636890	2.500030	-15.158140	-0.519228	0.000000	0.854636	0.854636	-0.000000	0.519228	0.000000	1.000000	-0.000000
328	-7.662717	2.500030	-15.115326	-0.514089	0.000000	0.857737	0.857737	-0.000000	0.514089	0.000000	1.000000	-0.000000
329	-7.688288	2.500030	-15.072355	-0.508956	0.000000	0.860793	0.860793	-0.000000	0.508956	0.000000	1.000000	-0.000000
330	-7.713602	2.500030	-15.029234	-0.503828	0.000000	0.863804	0.863804	-0.000000	0.503828	0.000000	1.000000	-0.000000
331	-7.738661	2.500030	-14.985971	-0.498706	-0.000000	0.866771	0.866771	-0.000000	0.498706	0.000000	1.000000	0.000000
332	-7.763464	2.500030	-14.942561	-0.493591	-0.000000	0.869694	0.869694	-0.000000	0.493591	-0.000000	1.000000	0.000000
333	-7.788011	2.500030	-14.898999	-0.488482	-0.000000	0.872574	0.872574	-0.000000	0.488482	-0.000000	1.000000	0.000000
334	-7.812301	2.500030	-14.855293	-0.483380	-0.000000	0.875410	0.875410	-0.000000	0.483380	-0.000000	1.000000	0.000000
335	-7.836338	2.500030	-14.811447	-0.478286	-0.000000	0.878204	0.878204	-0.000000	0.478286	-0.000000	1.000000	0.000000
336	-7.860121	2.500030	-14.767469	-0.473198	-0.000000	0.880956	0.880956	0.000000	0.473198	-0.000000	1.000000	0.000000
337	-7.883649	2.500030	-14.723355	-0.468116	-0.000000	0.883667	0.883667	0.000000	0.468116	-0.000000	1.000000	0.000000
