"No."	"PosX"	"PosY"	"PosZ"	"FrontX"	"FrontY"	"FrontZ"	"LeftX"	"LeftY"	"LeftZ"	"UpX"	"UpY"	"UpZ"
1	5.980695	2.483005	-2.291811	-0.860590	0.002245	0.509293	0.509294	0.000000	0.860592	0.001932	0.999997	-0.001143
2	5.937646	2.483118	-2.266380	-0.861532	0.002253	0.507698	0.507699	0.000004	0.861534	0.001939	0.999997	-0.001147
3	5.894554	2.483230	-2.241021	-0.862478	0.002261	0.506089	0.506090	0.000007	0.862481	0.001947	0.999997	-0.001151
4	5.851415	2.483344	-2.215741	-0.863439	0.002269	0.504449	0.504450	0.000011	0.863441	0.001954	0.999997	-0.001154
5	5.808226	2.483457	-2.190548	-0.864423	0.002277	0.502760	0.502761	0.000014	0.864425	0.001961	0.999997	-0.001157
6	5.764983	2.483571	-2.165449	-0.865441	0.002285	0.501005	0.501006	0.000017	0.865444	0.001969	0.999997	-0.001159
7	5.721689	2.483686	-2.140437	-0.866492	0.002293	0.499186	0.499187	0.000019	0.866494	0.001977	0.999997	-0.001161
8	5.678346	2.483801	-2.115509	-0.867567	0.002300	0.497315	0.497316	0.000021	0.867569	0.001985	0.999997	-0.001162
9	5.634950	2.483916	-2.090673	-0.868669	0.002308	0.495387	0.495389	0.000023	0.868671	0.001993	0.999997	-0.001164
10	5.591497	2.484032	-2.065938	-0.869800	0.002315	0.493399	0.493400	0.000025	0.869802	0.002001	0.999997	-0.001164
11	5.547982	2.484148	-2.041313	-0.870962	0.002323	0.491345	0.491347	0.000027	0.870964	0.002010	0.999997	-0.001165
12	5.504408	2.484264	-2.016792	-0.872153	0.002330	0.489228	0.489229	0.000028	0.872155	0.002018	0.999997	-0.001164
13	5.460779	2.484381	-1.992369	-0.873372	0.002337	0.487048	0.487050	0.000029	0.873374	0.002027	0.999997	-0.001164
14	5.417089	2.484498	-1.968053	-0.874619	0.002344	0.484805	0.484807	0.000030	0.874621	0.002035	0.999997	-0.001163
15	5.373335	2.484615	-1.943854	-0.875895	0.002351	0.482496	0.482498	0.000031	0.875897	0.002044	0.999997	-0.001162
16	5.329513	2.484733	-1.919782	-0.877201	0.002358	0.480118	0.480120	0.000032	0.877203	0.002053	0.999997	-0.001160
17	5.285624	2.484851	-1.895830	-0.878534	0.002364	0.477674	0.477675	0.000032	0.878536	0.002062	0.999997	-0.001158
18	5.241672	2.484969	-1.871992	-0.879894	0.002371	0.475164	0.475165	0.000033	0.879897	0.002071	0.999997	-0.001155
19	5.197653	2.485088	-1.848277	-0.881282	0.002377	0.472585	0.472586	0.000033	0.881285	0.002080	0.999997	-0.001152
20	5.153562	2.485207	-1.824696	-0.882699	0.002384	0.469934	0.469935	0.000033	0.882701	0.002089	0.999997	-0.001149
21	5.109396	2.485326	-1.801260	-0.884144	0.002390	0.467208	0.467209	0.000032	0.884147	0.002098	0.999997	-0.001145
22	5.065157	2.485446	-1.777963	-0.885618	0.002396	0.464408	0.464410	0.000032	0.885621	0.002107	0.999997	-0.001141
23	5.020848	2.485566	-1.754795	-0.887118	0.002402	0.461537	0.461538	0.000032	0.887120	0.002116	0.999997	-0.001137
24	4.976464	2.485686	-1.731769	-0.888645	0.002408	0.458590	0.458592	0.000031	0.888647	0.002125	0.999997	-0.001132
25	4.932002	2.485807	-1.708896	-0.890199	0.002413	0.455566	0.455567	0.000030	0.890201	0.002134	0.999997	-0.001127
26	4.887458	2.485928	-1.686188	-0.891781	0.002419	0.452460	0.452462	0.000030	0.891784	0.002144	0.999997	-0.001121
27	4.842834	2.486049	-1.663637	-0.893390	0.002424	0.449275	0.449277	0.000029	0.893393	0.002153	0.999997	-0.001115
28	4.798133	2.486170	-1.641234	-0.895023	0.002429	0.446012	0.446014	0.000028	0.895026	0.002162	0.999997	-0.001108
29	4.753351	2.486292	-1.618992	-0.896682	0.002434	0.442668	0.442669	0.000027	0.896685	0.002171	0.999997	-0.001102
30	4.708484	2.486414	-1.596924	-0.898367	0.002439	0.439239	0.439240	0.000026	0.898370	0.002180	0.999997	-0.001094
31	4.663529	2.486536	-1.575042	-0.900078	0.002444	0.435722	0.435723	0.000024	0.900081	0.002189	0.999997	-0.001087
32	4.618487	2.486658	-1.553337	-0.901814	0.002449	0.432118	0.432120	0.000023	0.901816	0.002198	0.999997	-0.001079
33	4.573362	2.486781	-1.531801	-0.903571	0.002453	0.428430	0.428432	0.000022	0.903574	0.002207	0.999997	-0.001071
34	4.528149	2.486903	-1.510448	-0.905352	0.002457	0.424654	0.424655	0.000020	0.905355	0.002216	0.999997	-0.001062
35	4.482846	2.487026	-1.489289	-0.907157	0.002461	0.420785	0.420786	0.000019	0.907160	0.002225	0.999997	-0.001053
36	4.437449	2.487150	-1.468340	-0.908986	0.002465	0.416820	0.416821	0.000017	0.908988	0.002234	0.999997	-0.001043
37	4.391959	2.487273	-1.447592	-0.910837	0.002469	0.412759	0.412760	0.000016	0.910840	0.002242	0.999997	-0.001034
38	4.346380	2.487397	-1.427034	-0.912708	0.002473	0.408605	0.408607	0.000014	0.912711	0.002251	0.999997	-0.001024
39	4.300708	2.487520	-1.406681	-0.914599	0.002476	0.404355	0.404357	0.000013	0.914601	0.002259	0.999997	-0.001013
40	4.254940	2.487644	-1.386548	-0.916510	0.002479	0.400005	0.400006	0.000011	0.916512	0.002268	0.999997	-0.001002
41	4.209073	2.487768	-1.366649	-0.918441	0.002482	0.395551	0.395552	0.000010	0.918443	0.002276	0.999997	-0.000991
42	4.163108	2.487892	-1.346976	-0.920389	0.002485	0.390996	0.390998	0.000008	0.920392	0.002284	0.999997	-0.000979
43	4.117049	2.488017	-1.327517	-0.922352	0.002487	0.386342	0.386343	0.000007	0.922355	0.002292	0.999997	-0.000967
44	4.070892	2.488141	-1.308288	-0.924331	0.002490	0.381583	0.381584	0.000005	0.924334	0.002299	0.999997	-0.000955
45	4.024635	2.488266	-1.289304	-0.926326	0.002492	0.376716	0.376717	0.000004	0.926328	0.002307	0.999997	-0.000942
46	3.978275	2.488391	-1.270582	-0.928335	0.002494	0.371735	0.371737	0.000002	0.928338	0.002314	0.999997	-0.000929
47	3.931815	2.488515	-1.252113	-0.930359	0.002495	0.366642	0.366643	0.000001	0.930362	0.002321	0.999997	-0.000916
48	3.885255	2.488640	-1.233884	-0.932393	0.002496	0.361439	0.361440	-0.000000	0.932395	0.002328	0.999997	-0.000902
49	3.838593	2.488765	-1.215911	-0.934436	0.002498	0.356122	0.356124	-0.000002	0.934439	0.002334	0.999997	-0.000888
50	3.791829	2.488890	-1.198213	-0.936488	0.002498	0.350690	0.350691	-0.000003	0.936491	0.002341	0.999997	-0.000873
51	3.744961	2.489015	-1.180806	-0.938549	0.002499	0.345137	0.345138	-0.000004	0.938552	0.002347	0.999997	-0.000859
52	3.697990	2.489140	-1.163680	-0.940614	0.002499	0.339468	0.339469	-0.000005	0.940617	0.002353	0.999997	-0.000844
53	3.650915	2.489265	-1.146822	-0.942683	0.002499	0.333681	0.333682	-0.000006	0.942686	0.002358	0.999997	-0.000828
54	3.603737	2.489390	-1.130250	-0.944753	0.002499	0.327775	0.327776	-0.000007	0.944756	0.002363	0.999997	-0.000812
55	3.556456	2.489515	-1.113982	-0.946824	0.002499	0.321743	0.321744	-0.000008	0.946827	0.002368	0.999997	-0.000796
56	3.509072	2.489640	-1.098037	-0.948894	0.002498	0.315584	0.315585	-0.000009	0.948897	0.002373	0.999997	-0.000780
57	3.461583	2.489765	-1.082404	-0.950962	0.002497	0.309296	0.309297	-0.000010	0.950965	0.002377	0.999997	-0.000763
58	3.413990	2.489890	-1.067069	-0.953025	0.002495	0.302882	0.302883	-0.000010	0.953028	0.002381	0.999997	-0.000746
59	3.366294	2.490014	-1.052051	-0.955079	0.002493	0.296340	0.296341	-0.000011	0.955082	0.002384	0.999997	-0.000729
60	3.318497	2.490139	-1.037369	-0.957124	0.002491	0.289668	0.289669	-0.000011	0.957127	0.002387	0.999997	-0.000711
61	3.270599	2.490264	-1.023043	-0.959157	0.002489	0.282862	0.282863	-0.000011	0.959160	0.002390	0.999997	-0.000693
62	3.222599	2.490388	-1.009062	-0.961176	0.002486	0.275925	0.275926	-0.000011	0.961179	0.002392	0.999997	-0.000675
63	3.174495	2.490512	-0.995411	-0.963177	0.002483	0.268855	0.268856	-0.000011	0.963180	0.002394	0.999997	-0.000656
64	3.126292	2.490636	-0.982109	-0.965159	0.002479	0.261652	0.261653	-0.000011	0.965162	0.002396	0.999997	-0.000638
65	3.077991	2.490760	-0.969177	-0.967119	0.002475	0.254314	0.254315	-0.000011	0.967121	0.002396	0.999997	-0.000619
66	3.029596	2.490884	-0.956634	-0.969053	0.002471	0.246840	0.246841	-0.000011	0.969056	0.002397	0.999997	-0.000599
67	2.981104	2.491007	-0.944472	-0.970960	0.002466	0.239229	0.239229	-0.000010	0.970963	0.002397	0.999997	-0.000580
68	2.932513	2.491131	-0.932672	-0.972836	0.002461	0.231481	0.231481	-0.000010	0.972839	0.002396	0.999997	-0.000560
69	2.883828	2.491254	-0.921255	-0.974679	0.002455	0.223596	0.223597	-0.000009	0.974682	0.002395	0.999997	-0.000540
70	2.835053	2.491376	-0.910242	-0.976484	0.002449	0.215575	0.215576	-0.000008	0.976487	0.002393	0.999997	-0.000520
71	2.786194	2.491499	-0.899653	-0.978249	0.002443	0.207419	0.207419	-0.000007	0.978252	0.002391	0.999997	-0.000499
72	2.737248	2.491621	-0.889479	-0.979971	0.002436	0.199123	0.199124	-0.000006	0.979974	0.002388	0.999997	-0.000479
73	2.688210	2.491742	-0.879702	-0.981648	0.002428	0.190689	0.190689	-0.000005	0.981650	0.002385	0.999997	-0.000458
74	2.639086	2.491864	-0.870343	-0.983274	0.002421	0.182118	0.182119	-0.000004	0.983277	0.002381	0.999997	-0.000437
75	2.589885	2.491984	-0.861420	-0.984846	0.002412	0.173415	0.173415	-0.000003	0.984849	0.002376	0.999997	-0.000416
76	2.540615	2.492105	-0.852956	-0.986361	0.002404	0.164581	0.164582	-0.000001	0.986363	0.002371	0.999997	-0.000395
77	2.491271	2.492225	-0.844941	-0.987815	0.002394	0.155617	0.155617	0.000001	0.987817	0.002365	0.999997	-0.000373
78	2.441845	2.492344	-0.837358	-0.989205	0.002385	0.146517	0.146518	0.000002	0.989208	0.002359	0.999997	-0.000352
79	2.392348	2.492463	-0.830225	-0.990528	0.002374	0.137287	0.137288	0.000004	0.990531	0.002351	0.999997	-0.000330
80	2.342790	2.492582	-0.823562	-0.991780	0.002364	0.127932	0.127933	0.000006	0.991783	0.002344	0.999997	-0.000308
81	2.293181	2.492700	-0.817388	-0.992956	0.002353	0.118458	0.118458	0.000008	0.992959	0.002335	0.999997	-0.000286
82	2.243517	2.492817	-0.811696	-0.994054	0.002341	0.108860	0.108860	0.000010	0.994057	0.002326	0.999997	-0.000264
83	2.193786	2.492934	-0.806469	-0.995071	0.002329	0.099133	0.099134	0.000012	0.995074	0.002316	0.999997	-0.000243
84	2.144002	2.493050	-0.801724	-0.996003	0.002316	0.089287	0.089288	0.000014	0.996006	0.002305	0.999997	-0.000221
85	2.094178	2.493166	-0.797479	-0.996846	0.002303	0.079331	0.079332	0.000016	0.996848	0.002294	0.999997	-0.000199
86	2.044327	2.493281	-0.793751	-0.997595	0.002289	0.069275	0.069275	0.000018	0.997598	0.002282	0.999997	-0.000177
87	1.994443	2.493395	-0.790533	-0.998249	0.002274	0.059113	0.059113	0.000020	0.998251	0.002269	0.999997	-0.000155
88	1.944512	2.493508	-0.787811	-0.998804	0.002260	0.048837	0.048837	0.000022	0.998807	0.002256	0.999997	-0.000133
89	1.894550	2.493621	-0.785600	-0.999258	0.002244	0.038461	0.038461	0.000025	0.999260	0.002242	0.999997	-0.000111
90	1.844574	2.493733	-0.783913	-0.999606	0.002228	0.027995	0.027995	0.000027	0.999608	0.002227	0.999998	-0.000089
91	1.794597	2.493844	-0.782765	-0.999845	0.002212	0.017452	0.017452	0.000029	0.999848	0.002211	0.999998	-0.000067
92	1.744614	2.493954	-0.782152	-0.999974	0.002195	0.006826	0.006826	0.000031	0.999977	0.002195	0.999998	-0.000046
93	1.694609	2.494063	-0.782061	-0.999990	0.002177	-0.003892	-0.003892	0.000033	0.999992	0.002178	0.999998	-0.000024
94	1.644600	2.494172	-0.782504	-0.999890	0.002159	-0.014688	-0.014688	0.000035	0.999892	0.002160	0.999998	-0.000003
95	1.594603	2.494280	-0.783489	-0.999671	0.002141	-0.025546	-0.025546	0.000037	0.999674	0.002141	0.999998	0.000018
96	1.544638	2.494386	-0.785029	-0.999333	0.002122	-0.036452	-0.036452	0.000038	0.999335	0.002122	0.999998	0.000039
97	1.494696	2.494492	-0.787121	-0.998873	0.002102	-0.047409	-0.047409	0.000040	0.998876	0.002102	0.999998	0.000060
98	1.444760	2.494596	-0.789757	-0.998289	0.002082	-0.058433	-0.058433	0.000042	0.998291	0.002081	0.999998	0.000080
99	1.394850	2.494700	-0.792941	-0.997580	0.002062	-0.069504	-0.069504	0.000043	0.997582	0.002060	0.999998	0.000100
100	1.344983	2.494803	-0.796681	-0.996744	0.002041	-0.080605	-0.080605	0.000044	0.996746	0.002038	0.999998	0.000120
101	1.295180	2.494904	-0.800981	-0.995783	0.002020	-0.091720	-0.091720	0.000045	0.995785	0.002015	0.999998	0.000140
102	1.245432	2.495005	-0.805843	-0.994695	0.001998	-0.102852	-0.102853	0.000046	0.994697	0.001992	0.999998	0.000160
103	1.195721	2.495104	-0.811261	-0.993477	0.001975	-0.114017	-0.114018	0.000047	0.993479	0.001968	0.999998	0.000179
104	1.146067	2.495202	-0.817237	-0.992130	0.001953	-0.125197	-0.125198	0.000047	0.992132	0.001943	0.999998	0.000197
105	1.096489	2.495299	-0.823771	-0.990655	0.001929	-0.136375	-0.136375	0.000048	0.990657	0.001918	0.999998	0.000216
106	1.047006	2.495395	-0.830864	-0.989056	0.001906	-0.147531	-0.147531	0.000048	0.989057	0.001892	0.999998	0.000234
107	0.997611	2.495490	-0.838519	-0.987329	0.001882	-0.158675	-0.158675	0.000047	0.987331	0.001866	0.999998	0.000252
108	0.948285	2.495584	-0.846735	-0.985473	0.001858	-0.169819	-0.169819	0.000047	0.985475	0.001839	0.999998	0.000269
109	0.899049	2.495676	-0.855509	-0.983492	0.001833	-0.180945	-0.180945	0.000046	0.983493	0.001811	0.999998	0.000286
110	0.849919	2.495767	-0.864835	-0.981387	0.001808	-0.192033	-0.192033	0.000045	0.981388	0.001783	0.999998	0.000303
111	0.800915	2.495857	-0.874711	-0.979164	0.001783	-0.203064	-0.203065	0.000044	0.979165	0.001755	0.999998	0.000319
112	0.752030	2.495945	-0.885139	-0.976824	0.001757	-0.214039	-0.214039	0.000043	0.976825	0.001726	0.999998	0.000335
113	0.703247	2.496032	-0.896125	-0.974363	0.001732	-0.224976	-0.224976	0.000041	0.974364	0.001696	0.999999	0.000350
114	0.654584	2.496118	-0.907659	-0.971785	0.001705	-0.235861	-0.235861	0.000039	0.971787	0.001666	0.999999	0.000365
115	0.606056	2.496203	-0.919733	-0.969096	0.001679	-0.246678	-0.246678	0.000036	0.969097	0.001636	0.999999	0.000379
116	0.557681	2.496286	-0.932337	-0.966300	0.001653	-0.257413	-0.257414	0.000033	0.966301	0.001606	0.999999	0.000393
117	0.509454	2.496368	-0.945477	-0.963396	0.001626	-0.268079	-0.268080	0.000030	0.963397	0.001575	0.999999	0.000407
118	0.461359	2.496449	-0.959162	-0.960382	0.001599	-0.278684	-0.278684	0.000027	0.960383	0.001543	0.999999	0.000420
119	0.413411	2.496528	-0.973380	-0.957265	0.001572	-0.289208	-0.289209	0.000023	0.957266	0.001511	0.999999	0.000432
120	0.365625	2.496606	-0.988117	-0.954053	0.001545	-0.299634	-0.299635	0.000019	0.954054	0.001479	0.999999	0.000444
121	0.318015	2.496683	-1.003360	-0.950754	0.001517	-0.309943	-0.309944	0.000015	0.950755	0.001447	0.999999	0.000456
122	0.270577	2.496758	-1.019116	-0.947369	0.001490	-0.320141	-0.320141	0.000010	0.947370	0.001415	0.999999	0.000467
123	0.223299	2.496832	-1.035398	-0.943892	0.001462	-0.330252	-0.330253	0.000005	0.943893	0.001382	0.999999	0.000478
124	0.176191	2.496904	-1.052189	-0.940334	0.001435	-0.340251	-0.340251	0.000000	0.940335	0.001349	0.999999	0.000488
125	0.129265	2.496975	-1.069471	-0.936709	0.001407	-0.350105	-0.350106	-0.000005	0.936710	0.001316	0.999999	0.000498
126	0.082532	2.497045	-1.087224	-0.933033	0.001380	-0.359789	-0.359789	-0.000011	0.933034	0.001284	0.999999	0.000507
127	0.035991	2.497113	-1.105460	-0.929314	0.001354	-0.369288	-0.369288	-0.000018	0.929315	0.001251	0.999999	0.000517
128	-0.010368	2.497180	-1.124198	-0.925541	0.001327	-0.378644	-0.378645	-0.000025	0.925542	0.001219	0.999999	0.000525
129	-0.056539	2.497245	-1.143411	-0.921724	0.001301	-0.387844	-0.387845	-0.000032	0.921725	0.001187	0.999999	0.000534
130	-0.102519	2.497310	-1.163072	-0.917873	0.001275	-0.396872	-0.396873	-0.000039	0.917874	0.001155	0.999999	0.000542
131	-0.148302	2.497373	-1.183154	-0.914000	0.001250	-0.405713	-0.405713	-0.000047	0.914000	0.001123	0.999999	0.000550
132	-0.193889	2.497434	-1.203663	-0.910114	0.001225	-0.414356	-0.414356	-0.000055	0.910115	0.001092	0.999999	0.000558
133	-0.239283	2.497495	-1.224628	-0.906214	0.001200	-0.422817	-0.422817	-0.000064	0.906215	0.001061	0.999999	0.000565
134	-0.284484	2.497554	-1.246023	-0.902301	0.001176	-0.431105	-0.431106	-0.000073	0.902301	0.001030	0.999999	0.000573
135	-0.329488	2.497612	-1.267822	-0.898374	0.001153	-0.439229	-0.439229	-0.000082	0.898375	0.001000	0.999999	0.000580
136	-0.374295	2.497669	-1.290000	-0.894435	0.001130	-0.447196	-0.447196	-0.000091	0.894436	0.000970	0.999999	0.000587
137	-0.418904	2.497725	-1.312560	-0.890489	0.001108	-0.455003	-0.455004	-0.000101	0.890490	0.000940	0.999999	0.000594
138	-0.463317	2.497780	-1.335530	-0.886544	0.001086	-0.462643	-0.462644	-0.000111	0.886544	0.000911	0.999999	0.000601
139	-0.507534	2.497833	-1.358888	-0.882597	0.001064	-0.470129	-0.470129	-0.000121	0.882597	0.000882	0.999999	0.000607
140	-0.551552	2.497886	-1.382613	-0.878646	0.001043	-0.477473	-0.477473	-0.000131	0.878646	0.000854	0.999999	0.000613
141	-0.595373	2.497937	-1.406681	-0.874687	0.001022	-0.484687	-0.484687	-0.000142	0.874688	0.000825	0.999999	0.000620
142	-0.638997	2.497988	-1.431097	-0.870722	0.001002	-0.491774	-0.491774	-0.000153	0.870723	0.000797	0.999999	0.000626
143	-0.682422	2.498037	-1.455883	-0.866762	0.000982	-0.498721	-0.498721	-0.000164	0.866762	0.000769	1.000000	0.000632
144	-0.725650	2.498086	-1.481021	-0.862804	0.000962	-0.505537	-0.505537	-0.000175	0.862805	0.000742	1.000000	0.000638
145	-0.768680	2.498133	-1.506494	-0.858846	0.000943	-0.512232	-0.512233	-0.000186	0.858847	0.000715	1.000000	0.000643
146	-0.811513	2.498180	-1.532282	-0.854885	0.000924	-0.518816	-0.518817	-0.000198	0.854885	0.000688	1.000000	0.000649
147	-0.854148	2.498226	-1.558387	-0.850924	0.000906	-0.525288	-0.525289	-0.000210	0.850924	0.000661	1.000000	0.000654
148	-0.896585	2.498271	-1.584829	-0.846970	0.000888	-0.531640	-0.531640	-0.000221	0.846970	0.000634	1.000000	0.000659
149	-0.938824	2.498314	-1.611593	-0.843021	0.000870	-0.537879	-0.537880	-0.000233	0.843022	0.000608	1.000000	0.000665
150	-0.980867	2.498357	-1.638664	-0.839074	0.000853	-0.544017	-0.544017	-0.000245	0.839074	0.000582	1.000000	0.000670
151	-1.022712	2.498400	-1.666026	-0.835125	0.000836	-0.550060	-0.550060	-0.000257	0.835125	0.000556	1.000000	0.000675
152	-1.064361	2.498441	-1.693679	-0.831176	0.000819	-0.556009	-0.556010	-0.000270	0.831176	0.000531	1.000000	0.000679
153	-1.105812	2.498481	-1.721641	-0.827234	0.000803	-0.561857	-0.561858	-0.000282	0.827234	0.000506	1.000000	0.000684
154	-1.147066	2.498521	-1.749900	-0.823297	0.000786	-0.567611	-0.567611	-0.000294	0.823297	0.000480	1.000000	0.000689
155	-1.188124	2.498560	-1.778442	-0.819362	0.000771	-0.573276	-0.573277	-0.000307	0.819362	0.000455	1.000000	0.000693
156	-1.228985	2.498598	-1.807253	-0.815425	0.000755	-0.578862	-0.578862	-0.000319	0.815425	0.000431	1.000000	0.000697
157	-1.269650	2.498635	-1.836335	-0.811489	0.000740	-0.584368	-0.584368	-0.000332	0.811489	0.000406	1.000000	0.000702
158	-1.310118	2.498672	-1.865701	-0.807559	0.000725	-0.589787	-0.589787	-0.000345	0.807559	0.000382	1.000000	0.000706
159	-1.350390	2.498708	-1.895342	-0.803633	0.000710	-0.595125	-0.595125	-0.000358	0.803633	0.000358	1.000000	0.000710
160	-1.390466	2.498743	-1.925246	-0.799708	0.000696	-0.600388	-0.600388	-0.000370	0.799708	0.000334	1.000000	0.000714
161	-1.430345	2.498777	-1.955402	-0.795782	0.000681	-0.605582	-0.605583	-0.000383	0.795782	0.000310	1.000000	0.000718
162	-1.470029	2.498811	-1.985809	-0.791855	0.000667	-0.610709	-0.610709	-0.000396	0.791855	0.000287	1.000000	0.000721
163	-1.509517	2.498844	-2.016481	-0.787933	0.000654	-0.615761	-0.615761	-0.000409	0.787933	0.000263	1.000000	0.000725
164	-1.548809	2.498876	-2.047409	-0.784013	0.000640	-0.620744	-0.620744	-0.000422	0.784013	0.000240	1.000000	0.000728
165	-1.587905	2.498908	-2.078583	-0.780094	0.000627	-0.625662	-0.625662	-0.000435	0.780094	0.000217	1.000000	0.000732
166	-1.626805	2.498938	-2.109993	-0.776171	0.000614	-0.630522	-0.630522	-0.000448	0.776171	0.000194	1.000000	0.000735
167	-1.665509	2.498969	-2.141638	-0.772246	0.000601	-0.635324	-0.635324	-0.000461	0.772245	0.000171	1.000000	0.000738
168	-1.704018	2.498999	-2.173531	-0.768322	0.000589	-0.640063	-0.640063	-0.000474	0.768322	0.000149	1.000000	0.000741
169	-1.742330	2.499028	-2.205663	-0.764400	0.000576	-0.644742	-0.644742	-0.000487	0.764400	0.000126	1.000000	0.000744
170	-1.780447	2.499056	-2.238027	-0.760476	0.000564	-0.649366	-0.649367	-0.000500	0.760475	0.000104	1.000000	0.000747
171	-1.818367	2.499084	-2.270614	-0.756547	0.000552	-0.653940	-0.653940	-0.000514	0.756546	0.000082	1.000000	0.000750
172	-1.856090	2.499111	-2.303423	-0.752613	0.000540	-0.658462	-0.658463	-0.000527	0.752613	0.000060	1.000000	0.000752
173	-1.893618	2.499138	-2.336464	-0.748681	0.000529	-0.662930	-0.662931	-0.000540	0.748681	0.000038	1.000000	0.000755
174	-1.930950	2.499164	-2.369731	-0.744747	0.000518	-0.667347	-0.667347	-0.000553	0.744747	0.000016	1.000000	0.000757
175	-1.968084	2.499190	-2.403216	-0.740809	0.000506	-0.671716	-0.671716	-0.000566	0.740808	-0.000005	1.000000	0.000760
176	-2.005021	2.499215	-2.436914	-0.736864	0.000495	-0.676041	-0.676041	-0.000579	0.736863	-0.000026	1.000000	0.000762
177	-2.041761	2.499239	-2.470821	-0.732912	0.000485	-0.680323	-0.680323	-0.000592	0.732912	-0.000048	1.000000	0.000764
178	-2.078304	2.499263	-2.504948	-0.728958	0.000474	-0.684558	-0.684558	-0.000605	0.728958	-0.000069	1.000000	0.000766
179	-2.114650	2.499286	-2.539288	-0.725000	0.000464	-0.688749	-0.688749	-0.000619	0.724999	-0.000090	1.000000	0.000768
180	-2.150797	2.499309	-2.573837	-0.721035	0.000453	-0.692899	-0.692899	-0.000632	0.721035	-0.000111	1.000000	0.000770
181	-2.186746	2.499332	-2.608587	-0.717061	0.000443	-0.697010	-0.697010	-0.000645	0.717061	-0.000132	1.000000	0.000771
182	-2.222495	2.499354	-2.643537	-0.713078	0.000433	-0.701085	-0.701085	-0.000658	0.713077	-0.000152	1.000000	0.000773
183	-2.258047	2.499375	-2.678696	-0.709089	0.000424	-0.705119	-0.705119	-0.000671	0.709089	-0.000173	1.000000	0.000774
184	-2.293399	2.499396	-2.714058	-0.705094	0.000414	-0.709114	-0.709114	-0.000684	0.705094	-0.000193	1.000000	0.000776
185	-2.328552	2.499416	-2.749618	-0.701089	0.000404	-0.713073	-0.713074	-0.000697	0.701089	-0.000213	1.000000	0.000777
186	-2.363503	2.499436	-2.785372	-0.697073	0.000395	-0.717000	-0.717000	-0.000710	0.697073	-0.000233	1.000000	0.000778
187	-2.398252	2.499456	-2.821317	-0.693044	0.000386	-0.720895	-0.720895	-0.000723	0.693044	-0.000254	1.000000	0.000779
188	-2.432801	2.499475	-2.857460	-0.689008	0.000377	-0.724754	-0.724754	-0.000736	0.689007	-0.000273	1.000000	0.000780
189	-2.467150	2.499493	-2.893798	-0.684961	0.000368	-0.728580	-0.728580	-0.000749	0.684961	-0.000293	1.000000	0.000781
190	-2.501296	2.499511	-2.930327	-0.680902	0.000359	-0.732374	-0.732374	-0.000761	0.680902	-0.000313	1.000000	0.000782
191	-2.535236	2.499529	-2.967040	-0.676829	0.000351	-0.736140	-0.736140	-0.000774	0.676828	-0.000333	1.000000	0.000782
192	-2.568972	2.499546	-3.003938	-0.672740	0.000342	-0.739879	-0.739879	-0.000787	0.672740	-0.000352	1.000000	0.000783
193	-2.602506	2.499563	-3.041026	-0.668640	0.000334	-0.743586	-0.743586	-0.000800	0.668640	-0.000371	1.000000	0.000783
194	-2.635836	2.499580	-3.078301	-0.664528	0.000326	-0.747264	-0.747264	-0.000813	0.664527	-0.000391	1.000000	0.000783
195	-2.668959	2.499596	-3.115759	-0.660399	0.000318	-0.750915	-0.750915	-0.000825	0.660399	-0.000410	1.000000	0.000784
196	-2.701874	2.499612	-3.153395	-0.656253	0.000310	-0.754541	-0.754540	-0.000838	0.656253	-0.000429	1.000000	0.000784
197	-2.734579	2.499627	-3.191209	-0.652089	0.000302	-0.758142	-0.758142	-0.000851	0.652089	-0.000448	1.000000	0.000784
198	-2.767079	2.499642	-3.229206	-0.647910	0.000294	-0.761717	-0.761717	-0.000863	0.647910	-0.000467	1.000000	0.000783
199	-2.799372	2.499656	-3.267383	-0.643715	0.000287	-0.765265	-0.765265	-0.000876	0.643714	-0.000486	1.000000	0.000783
200	-2.831453	2.499670	-3.305737	-0.639501	0.000279	-0.768790	-0.768790	-0.000888	0.639500	-0.000504	1.000000	0.000783
201	-2.863322	2.499684	-3.344263	-0.635266	0.000272	-0.772293	-0.772293	-0.000901	0.635265	-0.000523	1.000000	0.000782
202	-2.894976	2.499697	-3.382961	-0.631009	0.000265	-0.775775	-0.775775	-0.000913	0.631009	-0.000541	1.000000	0.000782
203	-2.926420	2.499710	-3.421836	-0.626734	0.000258	-0.779233	-0.779233	-0.000925	0.626734	-0.000560	1.000000	0.000781
204	-2.957653	2.499723	-3.460885	-0.622439	0.000251	-0.782668	-0.782668	-0.000938	0.622439	-0.000578	1.000000	0.000780
205	-2.988669	2.499735	-3.500105	-0.618122	0.000244	-0.786082	-0.786082	-0.000950	0.618122	-0.000596	1.000000	0.000779
206	-3.019467	2.499747	-3.539493	-0.613781	0.000237	-0.789476	-0.789476	-0.000962	0.613780	-0.000614	1.000000	0.000778
207	-3.050044	2.499759	-3.579048	-0.609414	0.000230	-0.792852	-0.792852	-0.000974	0.609413	-0.000632	0.999999	0.000777
208	-3.080407	2.499770	-3.618773	-0.605025	0.000224	-0.796206	-0.796206	-0.000987	0.605025	-0.000650	0.999999	0.000775
209	-3.110552	2.499782	-3.658668	-0.600612	0.000218	-0.799540	-0.799540	-0.000999	0.600612	-0.000668	0.999999	0.000774
210	-3.140475	2.499792	-3.698728	-0.596174	0.000211	-0.802855	-0.802855	-0.001011	0.596173	-0.000686	0.999999	0.000772
211	-3.170173	2.499803	-3.738952	-0.591707	0.000205	-0.806153	-0.806153	-0.001023	0.591707	-0.000703	0.999999	0.000770
212	-3.199644	2.499813	-3.779337	-0.587211	0.000199	-0.809434	-0.809434	-0.001035	0.587210	-0.000721	0.999999	0.000769
213	-3.228894	2.499822	-3.819889	-0.582689	0.000193	-0.812695	-0.812695	-0.001047	0.582688	-0.000738	0.999999	0.000767
214	-3.257921	2.499832	-3.860604	-0.578139	0.000187	-0.815938	-0.815938	-0.001059	0.578139	-0.000756	0.999999	0.000765
215	-3.286718	2.499841	-3.901482	-0.573559	0.000181	-0.819164	-0.819164	-0.001070	0.573559	-0.000773	0.999999	0.000762
216	-3.315282	2.499850	-3.942518	-0.568947	0.000175	-0.822374	-0.822374	-0.001082	0.568947	-0.000790	0.999999	0.000760
217	-3.343612	2.499859	-3.983712	-0.564301	0.000170	-0.825569	-0.825568	-0.001094	0.564301	-0.000807	0.999999	0.000757
218	-3.371714	2.499867	-4.025068	-0.559626	0.000164	-0.828746	-0.828745	-0.001106	0.559625	-0.000824	0.999999	0.000755
219	-3.399584	2.499875	-4.066583	-0.554918	0.000159	-0.831905	-0.831905	-0.001117	0.554917	-0.000841	0.999999	0.000752
220	-3.427218	2.499883	-4.108256	-0.550176	0.000154	-0.835049	-0.835048	-0.001129	0.550176	-0.000858	0.999999	0.000749
221	-3.454610	2.499890	-4.150084	-0.545397	0.000148	-0.838178	-0.838177	-0.001140	0.545397	-0.000875	0.999999	0.000746
222	-3.481758	2.499898	-4.192066	-0.540580	0.000143	-0.841292	-0.841292	-0.001152	0.540580	-0.000891	0.999999	0.000743
223	-3.508670	2.499905	-4.234206	-0.535729	0.000138	-0.844390	-0.844390	-0.001163	0.535728	-0.000908	0.999999	0.000740
224	-3.535342	2.499911	-4.276501	-0.530841	0.000133	-0.847472	-0.847471	-0.001174	0.530840	-0.000925	0.999999	0.000736
225	-3.561769	2.499918	-4.318950	-0.525914	0.000128	-0.850538	-0.850537	-0.001186	0.525914	-0.000941	0.999999	0.000733
226	-3.587944	2.499924	-4.361550	-0.520946	0.000124	-0.853590	-0.853589	-0.001197	0.520945	-0.000957	0.999999	0.000729
227	-3.613865	2.499930	-4.404300	-0.515934	0.000119	-0.856628	-0.856628	-0.001208	0.515934	-0.000974	0.999999	0.000725
228	-3.639541	2.499936	-4.447204	-0.510883	0.000114	-0.859650	-0.859649	-0.001219	0.510883	-0.000990	0.999999	0.000721
229	-3.664968	2.499942	-4.490260	-0.505792	0.000110	-0.862656	-0.862655	-0.001230	0.505791	-0.001006	0.999999	0.000717
230	-3.690138	2.499947	-4.533466	-0.500656	0.000105	-0.865646	-0.865646	-0.001241	0.500655	-0.001022	0.999999	0.000713
231	-3.715046	2.499952	-4.576819	-0.495473	0.000101	-0.868623	-0.868623	-0.001252	0.495473	-0.001038	0.999999	0.000708
232	-3.739688	2.499957	-4.620318	-0.490242	0.000097	-0.871586	-0.871585	-0.001263	0.490242	-0.001054	0.999999	0.000704
233	-3.764075	2.499962	-4.663968	-0.484967	0.000093	-0.874532	-0.874532	-0.001274	0.484967	-0.001069	0.999999	0.000699
234	-3.788201	2.499966	-4.707766	-0.479646	0.000089	-0.877462	-0.877462	-0.001285	0.479645	-0.001085	0.999999	0.000694
235	-3.812060	2.499971	-4.751709	-0.474275	0.000085	-0.880377	-0.880376	-0.001296	0.474275	-0.001100	0.999999	0.000689
236	-3.835645	2.499975	-4.795797	-0.468852	0.000081	-0.883277	-0.883276	-0.001306	0.468852	-0.001116	0.999999	0.000684
237	-3.858950	2.499979	-4.840027	-0.463375	0.000077	-0.886162	-0.886161	-0.001317	0.463375	-0.001131	0.999999	0.000679
238	-3.881988	2.499982	-4.884403	-0.457849	0.000073	-0.889030	-0.889029	-0.001328	0.457848	-0.001147	0.999999	0.000673
239	-3.904754	2.499986	-4.928923	-0.452270	0.000070	-0.891881	-0.891880	-0.001338	0.452270	-0.001162	0.999999	0.000667
240	-3.927239	2.499989	-4.973585	-0.446637	0.000066	-0.894715	-0.894714	-0.001349	0.446637	-0.001177	0.999999	0.000662
241	-3.949436	2.499993	-5.018388	-0.440946	0.000063	-0.897534	-0.897533	-0.001359	0.440945	-0.001192	0.999999	0.000656
242	-3.971339	2.499996	-5.063328	-0.435195	0.000060	-0.900336	-0.900336	-0.001369	0.435194	-0.001207	0.999999	0.000650
243	-3.992962	2.499998	-5.108410	-0.429388	0.000056	-0.903120	-0.903119	-0.001380	0.429387	-0.001222	0.999999	0.000643
244	-4.014300	2.500001	-5.153632	-0.423523	0.000053	-0.905885	-0.905884	-0.001390	0.423523	-0.001237	0.999999	0.000637
245	-4.035342	2.500004	-5.198993	-0.417598	0.000050	-0.908632	-0.908631	-0.001400	0.417597	-0.001251	0.999999	0.000630
246	-4.056081	2.500006	-5.244488	-0.411609	0.000047	-0.911361	-0.911360	-0.001410	0.411608	-0.001266	0.999999	0.000623
247	-4.076511	2.500008	-5.290117	-0.405553	0.000044	-0.914072	-0.914071	-0.001420	0.405552	-0.001280	0.999999	0.000616
248	-4.096645	2.500011	-5.335883	-0.399435	0.000041	-0.916761	-0.916760	-0.001430	0.399435	-0.001295	0.999999	0.000609
249	-4.116478	2.500013	-5.381785	-0.393254	0.000039	-0.919430	-0.919429	-0.001440	0.393254	-0.001309	0.999999	0.000602
250	-4.136001	2.500014	-5.427821	-0.387006	0.000036	-0.922077	-0.922076	-0.001450	0.387005	-0.001323	0.999999	0.000594
251	-4.155204	2.500016	-5.473986	-0.380687	0.000033	-0.924704	-0.924703	-0.001460	0.380687	-0.001337	0.999999	0.000587
252	-4.174079	2.500018	-5.520278	-0.374295	0.000031	-0.927310	-0.927309	-0.001470	0.374295	-0.001351	0.999999	0.000579
253	-4.192643	2.500019	-5.566703	-0.367835	0.000029	-0.929891	-0.929890	-0.001479	0.367835	-0.001365	0.999999	0.000571
254	-4.210890	2.500020	-5.613260	-0.361305	0.000026	-0.932448	-0.932447	-0.001489	0.361305	-0.001379	0.999999	0.000563
255	-4.228809	2.500022	-5.659943	-0.354702	0.000024	-0.934979	-0.934978	-0.001498	0.354701	-0.001392	0.999999	0.000554
256	-4.246389	2.500023	-5.706750	-0.348021	0.000022	-0.937487	-0.937486	-0.001508	0.348021	-0.001406	0.999999	0.000546
257	-4.263622	2.500024	-5.753678	-0.341261	0.000020	-0.939969	-0.939968	-0.001517	0.341260	-0.001419	0.999999	0.000537
258	-4.280525	2.500025	-5.800733	-0.334425	0.000018	-0.942422	-0.942421	-0.001527	0.334425	-0.001433	0.999999	0.000528
259	-4.297094	2.500026	-5.847913	-0.327513	0.000016	-0.944847	-0.944845	-0.001536	0.327513	-0.001446	0.999999	0.000519
260	-4.313316	2.500026	-5.895213	-0.320521	0.000015	-0.947241	-0.947240	-0.001545	0.320521	-0.001459	0.999999	0.000509
261	-4.329178	2.500027	-5.942630	-0.313446	0.000013	-0.949606	-0.949605	-0.001555	0.313445	-0.001472	0.999999	0.000500
262	-4.344673	2.500028	-5.990159	-0.306283	0.000011	-0.951940	-0.951939	-0.001564	0.306283	-0.001485	0.999999	0.000490
263	-4.359819	2.500028	-6.037809	-0.299040	0.000010	-0.954241	-0.954240	-0.001573	0.299039	-0.001498	0.999999	0.000480
264	-4.374610	2.500029	-6.085576	-0.291713	0.000009	-0.956506	-0.956505	-0.001582	0.291712	-0.001511	0.999999	0.000470
265	-4.389033	2.500029	-6.133456	-0.284299	0.000007	-0.958736	-0.958734	-0.001591	0.284299	-0.001523	0.999999	0.000459
266	-4.403076	2.500029	-6.181443	-0.276795	0.000006	-0.960929	-0.960928	-0.001600	0.276795	-0.001535	0.999999	0.000449
267	-4.416728	2.500030	-6.229533	-0.269198	0.000005	-0.963085	-0.963084	-0.001609	0.269198	-0.001548	0.999999	0.000438
268	-4.430009	2.500030	-6.277736	-0.261509	0.000004	-0.965201	-0.965200	-0.001617	0.261509	-0.001560	0.999999	0.000427
269	-4.442915	2.500030	-6.326047	-0.253730	0.000003	-0.967275	-0.967274	-0.001626	0.253729	-0.001572	0.999999	0.000416
270	-4.455430	2.500030	-6.374461	-0.245860	0.000003	-0.969305	-0.969304	-0.001635	0.245860	-0.001584	0.999999	0.000405
271	-4.467542	2.500030	-6.422972	-0.237902	0.000002	-0.971289	-0.971288	-0.001643	0.237901	-0.001596	0.999999	0.000393
272	-4.479238	2.500030	-6.471574	-0.229851	0.000002	-0.973226	-0.973224	-0.001652	0.229851	-0.001607	0.999999	0.000381
273	-4.490539	2.500030	-6.520278	-0.221687	0.000001	-0.975118	-0.975116	-0.001660	0.221687	-0.001619	0.999999	0.000369
274	-4.501440	2.500030	-6.569081	-0.213425	0.000001	-0.976959	-0.976958	-0.001668	0.213425	-0.001630	0.999999	0.000357
275	-4.511929	2.500030	-6.617975	-0.205093	0.000001	-0.978743	-0.978741	-0.001677	0.205092	-0.001641	0.999999	0.000344
276	-4.521993	2.500030	-6.666952	-0.196716	0.000000	-0.980461	-0.980459	-0.001685	0.196716	-0.001652	0.999999	0.000332
277	-4.531622	2.500030	-6.716004	-0.188324	0.000000	-0.982107	-0.982106	-0.001693	0.188324	-0.001663	0.999999	0.000319
278	-4.540826	2.500030	-6.765147	-0.179883	0.000000	-0.983688	-0.983687	-0.001701	0.179883	-0.001673	0.999999	0.000306
279	-4.549606	2.500030	-6.814376	-0.171390	-0.000000	-0.985203	-0.985202	-0.001709	0.171390	-0.001684	0.999999	0.000293
280	-4.557962	2.500030	-6.863680	-0.162873	-0.000000	-0.986647	-0.986646	-0.001717	0.162873	-0.001694	0.999999	0.000280
281	-4.565893	2.500030	-6.913048	-0.154362	-0.000000	-0.988014	-0.988013	-0.001725	0.154362	-0.001704	0.999999	0.000266
282	-4.573397	2.500030	-6.962470	-0.145883	-0.000000	-0.989302	-0.989300	-0.001733	0.145883	-0.001714	0.999998	0.000253
283	-4.580472	2.500030	-7.011964	-0.137408	-0.000000	-0.990515	-0.990513	-0.001741	0.137408	-0.001724	0.999998	0.000239
284	-4.587120	2.500030	-7.061525	-0.128936	-0.000000	-0.991653	-0.991651	-0.001748	0.128936	-0.001734	0.999998	0.000225
285	-4.593345	2.500030	-7.111143	-0.120481	-0.000000	-0.992716	-0.992714	-0.001756	0.120481	-0.001743	0.999998	0.000211
286	-4.599150	2.500030	-7.160806	-0.112059	-0.000000	-0.993702	-0.993700	-0.001763	0.112059	-0.001752	0.999998	0.000198
287	-4.604540	2.500030	-7.210504	-0.103682	-0.000000	-0.994611	-0.994609	-0.001771	0.103682	-0.001761	0.999998	0.000184
288	-4.609507	2.500030	-7.260253	-0.095337	-0.000000	-0.995445	-0.995443	-0.001778	0.095337	-0.001770	0.999998	0.000169
289	-4.614052	2.500030	-7.310051	-0.087024	-0.000000	-0.996206	-0.996205	-0.001785	0.087024	-0.001779	0.999998	0.000155
290	-4.618183	2.500030	-7.359887	-0.078750	-0.000000	-0.996894	-0.996893	-0.001793	0.078749	-0.001787	0.999998	0.000141
291	-4.621904	2.500030	-7.409750	-0.070522	-0.000000	-0.997510	-0.997509	-0.001800	0.070522	-0.001795	0.999998	0.000127
292	-4.625222	2.500030	-7.459630	-0.062348	-0.000000	-0.998054	-0.998053	-0.001807	0.062348	-0.001803	0.999998	0.000113
293	-4.628126	2.500030	-7.509542	-0.054220	-0.000000	-0.998529	-0.998527	-0.001814	0.054220	-0.001811	0.999998	0.000098
294	-4.630618	2.500030	-7.559484	-0.046138	-0.000000	-0.998935	-0.998933	-0.001821	0.046138	-0.001819	0.999998	0.000084
295	-4.632707	2.500030	-7.609446	-0.038109	-0.000000	-0.999274	-0.999272	-0.001828	0.038109	-0.001826	0.999998	0.000070
296	-4.634400	2.500030	-7.659420	-0.030139	-0.000000	-0.999546	-0.999544	-0.001835	0.030139	-0.001834	0.999998	0.000055
297	-4.635704	2.500030	-7.709394	-0.022233	-0.000000	-0.999753	-0.999751	-0.001841	0.022233	-0.001841	0.999998	0.000041
298	-4.636609	2.500030	-7.759382	-0.014387	-0.000000	-0.999897	-0.999895	-0.001848	0.014387	-0.001848	0.999998	0.000027
299	-4.637114	2.500030	-7.809383	-0.006599	-0.000000	-0.999978	-0.999977	-0.001855	0.006599	-0.001854	0.999998	0.000012
300	-4.637231	2.500030	-7.859389	0.001125	-0.000000	-0.999999	-0.999998	-0.001861	-0.001125	-0.001861	0.999998	-0.000002
301	-4.636967	2.500030	-7.909390	0.008781	-0.000000	-0.999961	-0.999960	-0.001868	-0.008781	-0.001867	0.999998	-0.000016
302	-4.636334	2.500030	-7.959378	0.016362	-0.000000	-0.999866	-0.999864	-0.001874	-0.016362	-0.001874	0.999998	-0.000031
303	-4.635317	2.500030	-8.009364	0.023874	-0.000000	-0.999715	-0.999713	-0.001880	-0.023874	-0.001880	0.999998	-0.000045
304	-4.633916	2.500030	-8.059347	0.031318	-0.000000	-0.999509	-0.999508	-0.001887	-0.031318	-0.001886	0.999998	-0.000059
305	-4.632143	2.500030	-8.109321	0.038688	-0.000000	-0.999251	-0.999250	-0.001893	-0.038688	-0.001891	0.999998	-0.000073
306	-4.630008	2.500030	-8.159278	0.045983	-0.000000	-0.998942	-0.998940	-0.001899	-0.045983	-0.001897	0.999998	-0.000087
307	-4.627523	2.500030	-8.209209	0.053197	-0.000000	-0.998584	-0.998582	-0.001905	-0.053197	-0.001902	0.999998	-0.000101
308	-4.624674	2.500030	-8.259124	0.060334	-0.000000	-0.998178	-0.998176	-0.001911	-0.060334	-0.001907	0.999998	-0.000115
309	-4.621458	2.500030	-8.309023	0.067395	-0.000000	-0.997726	-0.997725	-0.001917	-0.067395	-0.001912	0.999998	-0.000129
310	-4.617890	2.500030	-8.358901	0.074377	-0.000000	-0.997230	-0.997228	-0.001923	-0.074377	-0.001917	0.999998	-0.000143
311	-4.613979	2.500030	-8.408750	0.081277	-0.000000	-0.996692	-0.996690	-0.001928	-0.081277	-0.001922	0.999998	-0.000157
312	-4.609738	2.500030	-8.458564	0.088094	-0.000000	-0.996112	-0.996110	-0.001934	-0.088094	-0.001927	0.999998	-0.000170
313	-4.605154	2.500030	-8.508349	0.094830	-0.000000	-0.995493	-0.995492	-0.001940	-0.094830	-0.001931	0.999998	-0.000184
314	-4.600224	2.500030	-8.558108	0.101485	-0.000000	-0.994837	-0.994835	-0.001945	-0.101485	-0.001935	0.999998	-0.000197
315	-4.594960	2.500030	-8.607834	0.108057	-0.000000	-0.994145	-0.994143	-0.001951	-0.108056	-0.001939	0.999998	-0.000211
316	-4.589375	2.500030	-8.657523	0.114544	-0.000000	-0.993418	-0.993416	-0.001956	-0.114544	-0.001943	0.999998	-0.000224
317	-4.583481	2.500030	-8.707170	0.120947	-0.000000	-0.992659	-0.992657	-0.001962	-0.120947	-0.001947	0.999998	-0.000237
318	-4.577265	2.500030	-8.756778	0.127264	-0.000000	-0.991869	-0.991867	-0.001967	-0.127264	-0.001951	0.999998	-0.000250
319	-4.570724	2.500030	-8.806350	0.133497	-0.000000	-0.991049	-0.991047	-0.001972	-0.133497	-0.001955	0.999998	-0.000263
320	-4.563869	2.500030	-8.855882	0.139646	-0.000000	-0.990202	-0.990200	-0.001978	-0.139645	-0.001958	0.999998	-0.000276
321	-4.556715	2.500030	-8.905370	0.145709	-0.000000	-0.989327	-0.989326	-0.001983	-0.145709	-0.001961	0.999998	-0.000289
322	-4.549272	2.500030	-8.954809	0.151688	-0.000000	-0.988428	-0.988427	-0.001988	-0.151687	-0.001965	0.999998	-0.000302
323	-4.541531	2.500030	-9.004202	0.157580	-0.000000	-0.987506	-0.987504	-0.001993	-0.157580	-0.001968	0.999998	-0.000314
324	-4.533485	2.500030	-9.053552	0.163388	-0.000000	-0.986562	-0.986560	-0.001998	-0.163388	-0.001971	0.999998	-0.000326
325	-4.525147	2.500030	-9.102855	0.169112	-0.000000	-0.985597	-0.985595	-0.002002	-0.169111	-0.001974	0.999998	-0.000339
326	-4.516529	2.500030	-9.152109	0.174751	-0.000000	-0.984613	-0.984611	-0.002007	-0.174750	-0.001976	0.999998	-0.000351
327	-4.507645	2.500030	-9.201310	0.180306	-0.000000	-0.983611	-0.983609	-0.002012	-0.180306	-0.001979	0.999998	-0.000363
328	-4.498484	2.500030	-9.250460	0.185777	-0.000000	-0.982592	-0.982590	-0.002017	-0.185776	-0.001982	0.999998	-0.000375
329	-4.489040	2.500030	-9.299561	0.191163	-0.000000	-0.981558	-0.981556	-0.002021	-0.191163	-0.001984	0.999998	-0.000386
330	-4.479324	2.500030	-9.348611	0.196466	-0.000000	-0.980511	-0.980509	-0.002026	-0.196466	-0.001986	0.999998	-0.000398
331	-4.469349	2.500030	-9.397608	0.201687	-0.000000	-0.979450	-0.979448	-0.002030	-0.201687	-0.001989	0.999998	-0.000410
332	-4.459128	2.500030	-9.446549	0.206827	-0.000000	-0.978378	-0.978376	-0.002035	-0.206826	-0.001991	0.999998	-0.000421
333	-4.448653	2.500030	-9.495437	0.211884	-0.000000	-0.977295	-0.977293	-0.002039	-0.211884	-0.001993	0.999998	-0.000432
334	-4.437914	2.500030	-9.544271	0.216859	-0.000000	-0.976203	-0.976201	-0.002043	-0.216858	-0.001995	0.999998	-0.000443
335	-4.426924	2.500030	-9.593051	0.221753	-0.000000	-0.975103	-0.975101	-0.002047	-0.221752	-0.001996	0.999998	-0.000454
336	-4.415696	2.500030	-9.641775	0.226567	-0.000000	-0.973996	-0.973994	-0.002052	-0.226567	-0.001998	0.999998	-0.000465
337	-4.404241	2.500030	-9.690443	0.231303	-0.000000	-0.972882	-0.972880	-0.002056	-0.231303	-0.002000	0.999998	-0.000476
338	-4.392552	2.500030	-9.739055	0.235960	-0.000000	-0.971763	-0.971761	-0.002060	-0.235960	-0.002002	0.999998	-0.000486
339	-4.380620	2.500030	-9.787611	0.240538	-0.000000	-0.970640	-0.970638	-0.002064	-0.240537	-0.002003	0.999998	-0.000496
