"No."	"PosX"	"PosY"	"PosZ"	"FrontX"	"FrontY"	"FrontZ"	"LeftX"	"LeftY"	"LeftZ"	"UpX"	"UpY"	"UpZ"
1	2.953941	2.487140	-5.849310	-0.404023	0.001858	0.914747	0.914749	0.000000	0.404023	0.000751	0.999998	-0.001700
2	2.933734	2.487233	-5.803575	-0.405658	0.001860	0.914023	0.914025	0.000002	0.405658	0.000752	0.999998	-0.001701
3	2.913488	2.487326	-5.757857	-0.407636	0.001862	0.913143	0.913144	0.000005	0.407636	0.000754	0.999998	-0.001702
4	2.893156	2.487419	-5.712177	-0.409885	0.001864	0.912135	0.912137	0.000008	0.409885	0.000756	0.999998	-0.001703
5	2.872691	2.487512	-5.666557	-0.412332	0.001866	0.911032	0.911033	0.000011	0.412333	0.000759	0.999998	-0.001705
6	2.852049	2.487605	-5.621018	-0.414906	0.001868	0.909862	0.909864	0.000013	0.414907	0.000763	0.999998	-0.001706
7	2.831235	2.487699	-5.575558	-0.417671	0.001871	0.908597	0.908598	0.000015	0.417671	0.000768	0.999998	-0.001706
8	2.810277	2.487793	-5.530162	-0.420659	0.001874	0.907217	0.907219	0.000017	0.420659	0.000773	0.999998	-0.001707
9	2.789169	2.487886	-5.484834	-0.423792	0.001877	0.905757	0.905759	0.000018	0.423793	0.000779	0.999998	-0.001707
10	2.767906	2.487980	-5.439581	-0.426994	0.001880	0.904252	0.904254	0.000019	0.426995	0.000785	0.999998	-0.001708
11	2.746480	2.488074	-5.394406	-0.430187	0.001882	0.902738	0.902739	0.000019	0.430188	0.000793	0.999998	-0.001708
12	2.724897	2.488168	-5.349305	-0.433383	0.001885	0.901208	0.901209	0.000019	0.433384	0.000800	0.999998	-0.001707
13	2.703161	2.488263	-5.304276	-0.436621	0.001888	0.899644	0.899645	0.000018	0.436622	0.000809	0.999998	-0.001706
14	2.681263	2.488357	-5.259325	-0.439906	0.001891	0.898042	0.898044	0.000016	0.439906	0.000817	0.999998	-0.001705
15	2.659197	2.488452	-5.214457	-0.443241	0.001894	0.896400	0.896402	0.000014	0.443242	0.000827	0.999998	-0.001704
16	2.636956	2.488547	-5.169678	-0.446632	0.001897	0.894716	0.894717	0.000012	0.446633	0.000837	0.999998	-0.001703
17	2.614546	2.488642	-5.124983	-0.450077	0.001900	0.892988	0.892990	0.000009	0.450077	0.000847	0.999998	-0.001701
18	2.591971	2.488737	-5.080368	-0.453569	0.001903	0.891219	0.891221	0.000005	0.453570	0.000858	0.999998	-0.001699
19	2.569222	2.488832	-5.035842	-0.457115	0.001906	0.889406	0.889407	0.000002	0.457116	0.000870	0.999998	-0.001696
20	2.546290	2.488927	-4.991410	-0.460719	0.001909	0.887544	0.887546	-0.000003	0.460720	0.000882	0.999998	-0.001694
21	2.523169	2.489023	-4.947080	-0.464386	0.001913	0.885631	0.885632	-0.000007	0.464387	0.000894	0.999998	-0.001691
22	2.499867	2.489118	-4.902843	-0.468112	0.001916	0.883667	0.883669	-0.000012	0.468113	0.000907	0.999998	-0.001687
23	2.476385	2.489214	-4.858698	-0.471892	0.001919	0.881654	0.881656	-0.000017	0.471893	0.000921	0.999998	-0.001684
24	2.452716	2.489310	-4.814654	-0.475733	0.001922	0.879588	0.879589	-0.000023	0.475734	0.000935	0.999998	-0.001680
25	2.428848	2.489406	-4.770718	-0.479641	0.001925	0.877463	0.877464	-0.000029	0.479642	0.000949	0.999998	-0.001675
26	2.404773	2.489503	-4.726899	-0.483621	0.001929	0.875276	0.875277	-0.000036	0.483622	0.000964	0.999998	-0.001671
27	2.380505	2.489599	-4.683185	-0.487661	0.001932	0.873031	0.873033	-0.000043	0.487662	0.000979	0.999998	-0.001666
28	2.356042	2.489696	-4.639576	-0.491764	0.001935	0.870726	0.870728	-0.000050	0.491765	0.000995	0.999998	-0.001661
29	2.331374	2.489793	-4.596082	-0.495936	0.001939	0.868357	0.868358	-0.000057	0.495937	0.001011	0.999998	-0.001655
30	2.306490	2.489890	-4.552714	-0.500184	0.001942	0.865917	0.865919	-0.000065	0.500185	0.001028	0.999998	-0.001650
31	2.281381	2.489987	-4.509480	-0.504509	0.001946	0.863404	0.863406	-0.000073	0.504510	0.001044	0.999998	-0.001643
32	2.256062	2.490084	-4.466366	-0.508896	0.001949	0.860826	0.860828	-0.000081	0.508897	0.001062	0.999998	-0.001637
33	2.230531	2.490182	-4.423373	-0.513351	0.001953	0.858176	0.858178	-0.000089	0.513353	0.001079	0.999998	-0.001630
34	2.204777	2.490280	-4.380513	-0.517885	0.001956	0.855448	0.855450	-0.000098	0.517886	0.001097	0.999998	-0.001623
35	2.178788	2.490377	-4.337798	-0.522504	0.001960	0.852635	0.852636	-0.000107	0.522505	0.001115	0.999998	-0.001615
36	2.152554	2.490476	-4.295239	-0.527216	0.001963	0.849729	0.849731	-0.000116	0.527217	0.001134	0.999998	-0.001607
37	2.126091	2.490574	-4.252817	-0.532010	0.001967	0.846736	0.846737	-0.000125	0.532011	0.001152	0.999998	-0.001599
38	2.099397	2.490672	-4.210536	-0.536883	0.001971	0.843654	0.843656	-0.000135	0.536885	0.001172	0.999998	-0.001590
39	2.072459	2.490771	-4.168410	-0.541845	0.001974	0.840476	0.840478	-0.000144	0.541846	0.001191	0.999998	-0.001581
40	2.045263	2.490870	-4.126453	-0.546902	0.001978	0.837194	0.837196	-0.000154	0.546903	0.001211	0.999998	-0.001572
41	2.017798	2.490969	-4.084678	-0.552063	0.001982	0.833800	0.833802	-0.000163	0.552064	0.001230	0.999998	-0.001562
42	1.990086	2.491068	-4.043062	-0.557311	0.001986	0.830301	0.830303	-0.000173	0.557313	0.001250	0.999998	-0.001552
43	1.962120	2.491167	-4.001610	-0.562647	0.001989	0.826695	0.826696	-0.000183	0.562649	0.001271	0.999998	-0.001542
44	1.933886	2.491267	-3.960340	-0.568082	0.001993	0.822969	0.822971	-0.000193	0.568084	0.001291	0.999998	-0.001531
45	1.905369	2.491366	-3.919271	-0.573628	0.001997	0.819113	0.819115	-0.000203	0.573630	0.001312	0.999998	-0.001519
46	1.876558	2.491466	-3.878415	-0.579292	0.002001	0.815117	0.815119	-0.000213	0.579294	0.001332	0.999998	-0.001507
47	1.847476	2.491566	-3.837743	-0.585052	0.002004	0.810993	0.810994	-0.000223	0.585054	0.001353	0.999998	-0.001495
48	1.818117	2.491667	-3.797265	-0.590912	0.002008	0.806733	0.806735	-0.000233	0.590914	0.001374	0.999998	-0.001483
49	1.788463	2.491767	-3.757002	-0.596883	0.002012	0.802326	0.802327	-0.000242	0.596885	0.001395	0.999998	-0.001470
50	1.758497	2.491868	-3.716978	-0.602977	0.002016	0.797756	0.797757	-0.000252	0.602979	0.001417	0.999998	-0.001456
51	1.728209	2.491969	-3.677208	-0.609193	0.002020	0.793019	0.793020	-0.000262	0.609195	0.001438	0.999998	-0.001442
52	1.697624	2.492070	-3.637654	-0.615502	0.002023	0.788133	0.788134	-0.000271	0.615504	0.001459	0.999998	-0.001428
53	1.666733	2.492171	-3.598329	-0.621919	0.002027	0.783079	0.783080	-0.000281	0.621920	0.001480	0.999998	-0.001413
54	1.635520	2.492272	-3.559262	-0.628458	0.002031	0.777841	0.777842	-0.000290	0.628459	0.001502	0.999998	-0.001397
55	1.603964	2.492374	-3.520480	-0.635132	0.002034	0.772401	0.772402	-0.000299	0.635134	0.001523	0.999998	-0.001382
56	1.572055	2.492476	-3.482001	-0.641952	0.002038	0.766742	0.766743	-0.000308	0.641954	0.001544	0.999998	-0.001365
57	1.539820	2.492578	-3.443780	-0.648887	0.002042	0.760882	0.760883	-0.000316	0.648889	0.001565	0.999998	-0.001348
58	1.507249	2.492680	-3.405833	-0.655940	0.002045	0.754810	0.754811	-0.000324	0.655942	0.001586	0.999998	-0.001331
59	1.474322	2.492782	-3.368197	-0.663123	0.002049	0.748507	0.748508	-0.000332	0.663125	0.001607	0.999998	-0.001313
60	1.441020	2.492885	-3.330905	-0.670449	0.002052	0.741953	0.741954	-0.000340	0.670451	0.001628	0.999998	-0.001295
61	1.407332	2.492987	-3.293979	-0.677927	0.002055	0.735127	0.735128	-0.000347	0.677929	0.001649	0.999998	-0.001276
62	1.373286	2.493090	-3.257360	-0.685518	0.002059	0.728053	0.728054	-0.000354	0.685520	0.001669	0.999998	-0.001256
63	1.338870	2.493193	-3.221074	-0.693227	0.002062	0.720716	0.720717	-0.000360	0.693229	0.001689	0.999998	-0.001236
64	1.304065	2.493296	-3.185165	-0.701074	0.002065	0.713085	0.713086	-0.000366	0.701076	0.001709	0.999998	-0.001216
65	1.268852	2.493400	-3.149675	-0.709078	0.002068	0.705127	0.705128	-0.000372	0.709080	0.001728	0.999998	-0.001194
66	1.233220	2.493503	-3.114627	-0.717261	0.002070	0.696802	0.696803	-0.000376	0.717263	0.001747	0.999998	-0.001173
67	1.197197	2.493607	-3.079949	-0.725580	0.002073	0.688134	0.688135	-0.000380	0.725583	0.001766	0.999998	-0.001150
68	1.160770	2.493710	-3.045677	-0.734024	0.002075	0.679121	0.679122	-0.000384	0.734026	0.001784	0.999998	-0.001127
69	1.123919	2.493814	-3.011868	-0.742594	0.002077	0.669738	0.669739	-0.000387	0.742596	0.001802	0.999998	-0.001104
70	1.086625	2.493918	-2.978577	-0.751296	0.002079	0.659962	0.659963	-0.000389	0.751298	0.001819	0.999998	-0.001080
71	1.048879	2.494022	-2.945826	-0.760080	0.002080	0.649826	0.649826	-0.000391	0.760083	0.001835	0.999998	-0.001055
72	1.010709	2.494126	-2.913522	-0.768912	0.002082	0.639351	0.639352	-0.000392	0.768914	0.001851	0.999998	-0.001029
73	0.972104	2.494230	-2.881716	-0.777831	0.002083	0.628470	0.628471	-0.000393	0.777833	0.001867	0.999998	-0.001003
74	0.933049	2.494334	-2.850474	-0.786855	0.002083	0.617135	0.617136	-0.000393	0.786857	0.001881	0.999998	-0.000976
75	0.893529	2.494438	-2.819864	-0.795999	0.002083	0.605294	0.605295	-0.000392	0.796001	0.001895	0.999998	-0.000949
76	0.853537	2.494542	-2.789910	-0.805298	0.002083	0.592866	0.592867	-0.000389	0.805300	0.001908	0.999998	-0.000921
77	0.813087	2.494647	-2.760508	-0.814694	0.002082	0.579887	0.579887	-0.000386	0.814697	0.001920	0.999998	-0.000893
78	0.772173	2.494751	-2.731721	-0.824146	0.002081	0.566374	0.566375	-0.000382	0.824148	0.001931	0.999998	-0.000863
79	0.730789	2.494855	-2.703629	-0.833634	0.002079	0.552313	0.552314	-0.000377	0.833636	0.001941	0.999998	-0.000834
80	0.688930	2.494959	-2.676316	-0.843140	0.002076	0.537691	0.537691	-0.000372	0.843142	0.001950	0.999998	-0.000803
81	0.646592	2.495062	-2.649801	-0.852608	0.002073	0.522547	0.522547	-0.000365	0.852610	0.001958	0.999998	-0.000772
82	0.603775	2.495166	-2.623959	-0.862024	0.002069	0.506864	0.506864	-0.000358	0.862026	0.001965	0.999998	-0.000741
83	0.560486	2.495269	-2.598867	-0.871385	0.002065	0.490595	0.490596	-0.000349	0.871387	0.001970	0.999998	-0.000708
84	0.516735	2.495372	-2.574618	-0.880675	0.002059	0.473717	0.473717	-0.000340	0.880677	0.001975	0.999998	-0.000676
85	0.472532	2.495475	-2.551305	-0.889873	0.002053	0.456204	0.456205	-0.000330	0.889875	0.001977	0.999998	-0.000643
86	0.427872	2.495578	-2.528947	-0.898976	0.002046	0.437992	0.437992	-0.000319	0.898979	0.001979	0.999998	-0.000609
87	0.382728	2.495680	-2.507418	-0.907946	0.002037	0.419081	0.419082	-0.000307	0.907948	0.001978	0.999998	-0.000575
88	0.337128	2.495781	-2.486799	-0.916725	0.002028	0.399513	0.399514	-0.000294	0.916727	0.001977	0.999998	-0.000541
89	0.291107	2.495883	-2.467186	-0.925264	0.002018	0.379319	0.379319	-0.000280	0.925266	0.001973	0.999998	-0.000506
90	0.244697	2.495983	-2.448674	-0.933516	0.002006	0.358531	0.358531	-0.000266	0.933518	0.001968	0.999998	-0.000471
91	0.197894	2.496083	-2.431278	-0.941455	0.001993	0.337133	0.337134	-0.000250	0.941457	0.001961	0.999998	-0.000436
92	0.150640	2.496183	-2.414878	-0.949071	0.001979	0.315057	0.315057	-0.000234	0.949073	0.001952	0.999998	-0.000401
93	0.102990	2.496281	-2.399550	-0.956303	0.001964	0.292371	0.292371	-0.000218	0.956305	0.001942	0.999998	-0.000366
94	0.055007	2.496379	-2.385380	-0.963095	0.001948	0.269154	0.269154	-0.000201	0.963097	0.001930	0.999998	-0.000331
95	0.006752	2.496476	-2.372453	-0.969398	0.001930	0.245486	0.245486	-0.000184	0.969400	0.001916	0.999998	-0.000296
96	-0.041784	2.496572	-2.360781	-0.975187	0.001911	0.221374	0.221374	-0.000166	0.975189	0.001900	0.999998	-0.000261
97	-0.090689	2.496667	-2.350270	-0.980463	0.001890	0.196693	0.196693	-0.000148	0.980465	0.001882	0.999998	-0.000227
98	-0.139880	2.496761	-2.340972	-0.985172	0.001868	0.171561	0.171561	-0.000130	0.985174	0.001863	0.999998	-0.000192
99	-0.189268	2.496854	-2.332942	-0.989266	0.001845	0.146112	0.146112	-0.000112	0.989268	0.001842	0.999998	-0.000159
100	-0.238766	2.496946	-2.326235	-0.992713	0.001821	0.120486	0.120486	-0.000094	0.992715	0.001819	0.999998	-0.000126
101	-0.288389	2.497036	-2.320867	-0.995507	0.001795	0.094669	0.094669	-0.000077	0.995509	0.001795	0.999998	-0.000093
102	-0.338244	2.497125	-2.316788	-0.997648	0.001768	0.068519	0.068519	-0.000060	0.997650	0.001768	0.999998	-0.000062
103	-0.388232	2.497213	-2.314008	-0.999108	0.001740	0.042191	0.042191	-0.000043	0.999110	0.001741	0.999998	-0.000031
104	-0.438251	2.497299	-2.312537	-0.999873	0.001711	0.015854	0.015854	-0.000026	0.999874	0.001711	0.999999	-0.000001
105	-0.488198	2.497384	-2.312385	-0.999945	0.001681	-0.010327	-0.010327	-0.000011	0.999947	0.001681	0.999999	0.000028
106	-0.538098	2.497467	-2.313575	-0.999337	0.001650	-0.036376	-0.036376	0.000004	0.999338	0.001649	0.999999	0.000056
107	-0.588053	2.497549	-2.316107	-0.998048	0.001618	-0.062426	-0.062426	0.000018	0.998050	0.001616	0.999999	0.000083
108	-0.637969	2.497629	-2.319945	-0.996090	0.001586	-0.088330	-0.088330	0.000031	0.996091	0.001582	0.999999	0.000109
109	-0.687748	2.497707	-2.325052	-0.993487	0.001552	-0.113939	-0.113939	0.000043	0.993488	0.001547	0.999999	0.000134
110	-0.737294	2.497784	-2.331389	-0.990276	0.001519	-0.139105	-0.139105	0.000054	0.990278	0.001511	0.999999	0.000158
111	-0.786634	2.497859	-2.338993	-0.986484	0.001485	-0.163852	-0.163852	0.000063	0.986485	0.001475	0.999999	0.000181
112	-0.835851	2.497932	-2.347903	-0.982114	0.001450	-0.188284	-0.188284	0.000072	0.982115	0.001438	0.999999	0.000203
113	-0.884869	2.498004	-2.358046	-0.977203	0.001415	-0.212301	-0.212301	0.000079	0.977204	0.001400	0.999999	0.000223
114	-0.933612	2.498073	-2.369349	-0.971799	0.001381	-0.235807	-0.235807	0.000086	0.971800	0.001362	0.999999	0.000242
115	-0.982005	2.498141	-2.381740	-0.965955	0.001346	-0.258707	-0.258707	0.000091	0.965956	0.001323	0.999999	0.000261
116	-1.030074	2.498208	-2.395268	-0.959700	0.001311	-0.281023	-0.281023	0.000094	0.959701	0.001285	0.999999	0.000278
117	-1.077872	2.498272	-2.409990	-0.953048	0.001277	-0.302816	-0.302816	0.000097	0.953049	0.001246	0.999999	0.000294
118	-1.125352	2.498335	-2.425817	-0.946042	0.001242	-0.324043	-0.324043	0.000098	0.946042	0.001207	0.999999	0.000310
119	-1.172463	2.498396	-2.442659	-0.938725	0.001208	-0.344665	-0.344665	0.000098	0.938726	0.001168	0.999999	0.000324
120	-1.219157	2.498455	-2.460424	-0.931145	0.001174	-0.364647	-0.364647	0.000097	0.931146	0.001129	0.999999	0.000338
121	-1.265455	2.498513	-2.479176	-0.923333	0.001141	-0.383998	-0.383998	0.000095	0.923334	0.001090	0.999999	0.000350
122	-1.311383	2.498569	-2.498970	-0.915312	0.001108	-0.402745	-0.402745	0.000092	0.915312	0.001051	0.999999	0.000362
123	-1.356918	2.498623	-2.519716	-0.907111	0.001076	-0.420891	-0.420891	0.000088	0.907111	0.001013	0.999999	0.000373
124	-1.402035	2.498676	-2.541323	-0.898759	0.001044	-0.438441	-0.438441	0.000083	0.898760	0.000974	0.999999	0.000383
125	-1.446711	2.498727	-2.563698	-0.890287	0.001013	-0.455399	-0.455399	0.000077	0.890287	0.000936	0.999999	0.000393
126	-1.490956	2.498777	-2.586911	-0.881726	0.000982	-0.471761	-0.471761	0.000070	0.881727	0.000899	1.000000	0.000402
127	-1.534779	2.498825	-2.611007	-0.873102	0.000952	-0.487537	-0.487537	0.000062	0.873102	0.000861	1.000000	0.000410
128	-1.578175	2.498872	-2.635903	-0.864429	0.000923	-0.502754	-0.502754	0.000053	0.864429	0.000824	1.000000	0.000418
129	-1.621137	2.498917	-2.661516	-0.855719	0.000894	-0.517440	-0.517440	0.000044	0.855720	0.000787	1.000000	0.000425
130	-1.663659	2.498961	-2.687765	-0.846983	0.000866	-0.531619	-0.531619	0.000034	0.846983	0.000751	1.000000	0.000432
131	-1.705742	2.499003	-2.714719	-0.838255	0.000838	-0.545277	-0.545277	0.000023	0.838256	0.000715	1.000000	0.000438
132	-1.747386	2.499044	-2.742407	-0.829558	0.000812	-0.558419	-0.558420	0.000011	0.829559	0.000680	1.000000	0.000444
133	-1.788598	2.499084	-2.770761	-0.820894	0.000786	-0.571080	-0.571080	-0.000001	0.820894	0.000645	1.000000	0.000449
134	-1.829381	2.499123	-2.799710	-0.812262	0.000760	-0.583292	-0.583292	-0.000013	0.812263	0.000610	1.000000	0.000454
135	-1.869740	2.499160	-2.829185	-0.803662	0.000736	-0.595086	-0.595086	-0.000026	0.803662	0.000576	1.000000	0.000459
136	-1.909668	2.499196	-2.859250	-0.795129	0.000712	-0.606439	-0.606440	-0.000040	0.795130	0.000542	1.000000	0.000463
137	-1.949163	2.499231	-2.889925	-0.786681	0.000688	-0.617359	-0.617360	-0.000054	0.786681	0.000508	1.000000	0.000467
138	-1.988236	2.499264	-2.921151	-0.778309	0.000665	-0.627881	-0.627881	-0.000068	0.778309	0.000475	1.000000	0.000471
139	-2.026898	2.499297	-2.952872	-0.770004	0.000643	-0.638039	-0.638039	-0.000083	0.770004	0.000443	1.000000	0.000474
140	-2.065159	2.499328	-2.985030	-0.761754	0.000622	-0.647866	-0.647866	-0.000098	0.761754	0.000410	1.000000	0.000477
141	-2.103006	2.499359	-3.017685	-0.753585	0.000601	-0.657350	-0.657350	-0.000113	0.753585	0.000378	1.000000	0.000480
142	-2.140437	2.499388	-3.050846	-0.745521	0.000580	-0.666482	-0.666482	-0.000128	0.745521	0.000347	1.000000	0.000482
143	-2.177464	2.499417	-3.084466	-0.737550	0.000560	-0.675292	-0.675292	-0.000144	0.737550	0.000316	1.000000	0.000485
144	-2.214102	2.499444	-3.118500	-0.729661	0.000541	-0.683809	-0.683809	-0.000160	0.729661	0.000285	1.000000	0.000487
145	-2.250363	2.499470	-3.152903	-0.721842	0.000522	-0.692058	-0.692058	-0.000177	0.721842	0.000255	1.000000	0.000489
146	-2.286232	2.499496	-3.187724	-0.714124	0.000504	-0.700019	-0.700019	-0.000193	0.714124	0.000225	1.000000	0.000491
147	-2.321707	2.499521	-3.222968	-0.706515	0.000486	-0.707697	-0.707698	-0.000210	0.706515	0.000195	1.000000	0.000492
148	-2.356802	2.499544	-3.258597	-0.699004	0.000469	-0.715118	-0.715118	-0.000226	0.699004	0.000166	1.000000	0.000494
149	-2.391530	2.499567	-3.294575	-0.691575	0.000452	-0.722304	-0.722304	-0.000243	0.691575	0.000137	1.000000	0.000495
150	-2.425903	2.499589	-3.330867	-0.684220	0.000436	-0.729276	-0.729276	-0.000260	0.684220	0.000109	1.000000	0.000496
151	-2.459907	2.499611	-3.367516	-0.676967	0.000420	-0.736013	-0.736013	-0.000277	0.676967	0.000080	1.000000	0.000497
152	-2.493540	2.499631	-3.404520	-0.669819	0.000405	-0.742524	-0.742525	-0.000295	0.669819	0.000052	1.000000	0.000498
153	-2.526816	2.499651	-3.441851	-0.662761	0.000390	-0.748830	-0.748831	-0.000312	0.662761	0.000025	1.000000	0.000499
154	-2.559747	2.499670	-3.479478	-0.655781	0.000375	-0.754951	-0.754951	-0.000329	0.655781	-0.000002	1.000000	0.000499
155	-2.592346	2.499688	-3.517376	-0.648864	0.000361	-0.760904	-0.760904	-0.000346	0.648864	-0.000029	1.000000	0.000500
156	-2.624595	2.499706	-3.555579	-0.642033	0.000348	-0.766677	-0.766677	-0.000364	0.642033	-0.000056	1.000000	0.000500
157	-2.656496	2.499723	-3.594087	-0.635294	0.000334	-0.772271	-0.772271	-0.000381	0.635293	-0.000082	1.000000	0.000500
158	-2.688061	2.499739	-3.632873	-0.628636	0.000321	-0.777700	-0.777700	-0.000398	0.628636	-0.000108	1.000000	0.000500
159	-2.719301	2.499755	-3.671915	-0.622048	0.000309	-0.782979	-0.782979	-0.000416	0.622048	-0.000134	1.000000	0.000500
160	-2.750226	2.499770	-3.711191	-0.615521	0.000297	-0.788120	-0.788120	-0.000433	0.615521	-0.000159	1.000000	0.000500
161	-2.780822	2.499784	-3.750733	-0.609078	0.000285	-0.793110	-0.793110	-0.000451	0.609078	-0.000184	1.000000	0.000500
162	-2.811090	2.499798	-3.790536	-0.602717	0.000273	-0.797955	-0.797955	-0.000468	0.602717	-0.000209	1.000000	0.000500
163	-2.841041	2.499812	-3.830580	-0.596426	0.000262	-0.802668	-0.802668	-0.000485	0.596426	-0.000233	1.000000	0.000500
164	-2.870684	2.499824	-3.870847	-0.590196	0.000251	-0.807260	-0.807260	-0.000502	0.590196	-0.000257	1.000000	0.000499
165	-2.900028	2.499837	-3.911320	-0.584017	0.000240	-0.811741	-0.811741	-0.000520	0.584017	-0.000281	1.000000	0.000499
166	-2.929060	2.499848	-3.952025	-0.577911	0.000230	-0.816100	-0.816100	-0.000537	0.577911	-0.000305	1.000000	0.000498
167	-2.957782	2.499860	-3.992957	-0.571873	0.000220	-0.820342	-0.820342	-0.000554	0.571873	-0.000329	1.000000	0.000497
168	-2.986203	2.499870	-4.034100	-0.565895	0.000210	-0.824477	-0.824477	-0.000571	0.565895	-0.000352	1.000000	0.000497
169	-3.014331	2.499880	-4.075439	-0.559966	0.000201	-0.828516	-0.828516	-0.000588	0.559965	-0.000375	1.000000	0.000496
170	-3.042172	2.499890	-4.116961	-0.554077	0.000192	-0.832466	-0.832466	-0.000605	0.554076	-0.000397	1.000000	0.000495
171	-3.069716	2.499900	-4.158688	-0.548244	0.000183	-0.836318	-0.836318	-0.000622	0.548244	-0.000420	1.000000	0.000494
172	-3.096965	2.499908	-4.200615	-0.542467	0.000174	-0.840077	-0.840077	-0.000639	0.542467	-0.000442	1.000000	0.000493
173	-3.123926	2.499917	-4.242728	-0.536739	0.000166	-0.843748	-0.843748	-0.000655	0.536739	-0.000464	1.000000	0.000492
174	-3.150607	2.499925	-4.285015	-0.531050	0.000158	-0.847340	-0.847340	-0.000672	0.531050	-0.000486	1.000000	0.000491
175	-3.177010	2.499933	-4.327467	-0.525397	0.000150	-0.850857	-0.850857	-0.000688	0.525397	-0.000507	1.000000	0.000489
176	-3.203129	2.499940	-4.370102	-0.519794	0.000142	-0.854291	-0.854291	-0.000705	0.519794	-0.000528	1.000000	0.000488
177	-3.228965	2.499947	-4.412913	-0.514237	0.000135	-0.857648	-0.857648	-0.000721	0.514237	-0.000549	1.000000	0.000487
178	-3.254524	2.499953	-4.455892	-0.508717	0.000128	-0.860934	-0.860933	-0.000737	0.508717	-0.000570	1.000000	0.000485
179	-3.279811	2.499959	-4.499026	-0.503225	0.000121	-0.864155	-0.864155	-0.000754	0.503225	-0.000590	1.000000	0.000484
180	-3.304829	2.499965	-4.542310	-0.497755	0.000114	-0.867317	-0.867317	-0.000770	0.497755	-0.000611	1.000000	0.000482
181	-3.329572	2.499971	-4.585757	-0.492321	0.000108	-0.870414	-0.870413	-0.000786	0.492321	-0.000631	1.000000	0.000480
182	-3.354042	2.499976	-4.629364	-0.486920	0.000101	-0.873446	-0.873446	-0.000801	0.486920	-0.000651	1.000000	0.000479
183	-3.378242	2.499981	-4.673121	-0.481545	0.000095	-0.876421	-0.876421	-0.000817	0.481545	-0.000670	1.000000	0.000477
184	-3.402177	2.499985	-4.717020	-0.476188	0.000089	-0.879344	-0.879343	-0.000833	0.476188	-0.000690	1.000000	0.000475
185	-3.425848	2.499990	-4.761055	-0.470846	0.000084	-0.882215	-0.882215	-0.000848	0.470846	-0.000709	1.000000	0.000473
186	-3.449251	2.499994	-4.805239	-0.465531	0.000078	-0.885031	-0.885031	-0.000864	0.465531	-0.000728	1.000000	0.000471
187	-3.472388	2.499997	-4.849568	-0.460239	0.000073	-0.887795	-0.887795	-0.000879	0.460239	-0.000747	1.000000	0.000469
188	-3.495260	2.500001	-4.894033	-0.454962	0.000068	-0.890511	-0.890511	-0.000894	0.454961	-0.000765	1.000000	0.000467
189	-3.517870	2.500004	-4.938628	-0.449691	0.000063	-0.893184	-0.893184	-0.000909	0.449691	-0.000784	1.000000	0.000465
190	-3.540219	2.500007	-4.983349	-0.444425	0.000058	-0.895816	-0.895816	-0.000924	0.444425	-0.000802	1.000000	0.000463
191	-3.562306	2.500010	-5.028207	-0.439175	0.000053	-0.898402	-0.898401	-0.000939	0.439174	-0.000820	1.000000	0.000460
192	-3.584129	2.500012	-5.073196	-0.433935	0.000049	-0.900944	-0.900944	-0.000954	0.433935	-0.000838	1.000000	0.000458
193	-3.605691	2.500015	-5.118311	-0.428699	0.000045	-0.903448	-0.903447	-0.000968	0.428698	-0.000855	1.000000	0.000456
194	-3.626991	2.500017	-5.163546	-0.423458	0.000041	-0.905916	-0.905915	-0.000983	0.423457	-0.000873	1.000000	0.000453
195	-3.648030	2.500019	-5.208899	-0.418210	0.000037	-0.908351	-0.908350	-0.000997	0.418209	-0.000890	1.000000	0.000451
196	-3.668808	2.500020	-5.254377	-0.412966	0.000034	-0.910746	-0.910746	-0.001011	0.412966	-0.000907	0.999999	0.000448
197	-3.689325	2.500022	-5.299977	-0.407721	0.000030	-0.913106	-0.913106	-0.001025	0.407721	-0.000924	0.999999	0.000446
198	-3.709579	2.500023	-5.345694	-0.402467	0.000027	-0.915434	-0.915434	-0.001039	0.402467	-0.000940	0.999999	0.000443
199	-3.729569	2.500024	-5.391522	-0.397196	0.000024	-0.917734	-0.917734	-0.001053	0.397195	-0.000957	0.999999	0.000440
200	-3.749295	2.500026	-5.437462	-0.391904	0.000021	-0.920006	-0.920005	-0.001067	0.391904	-0.000973	0.999999	0.000437
201	-3.768760	2.500027	-5.483517	-0.386605	0.000018	-0.922245	-0.922245	-0.001080	0.386605	-0.000989	0.999999	0.000435
202	-3.787962	2.500027	-5.529687	-0.381292	0.000016	-0.924455	-0.924454	-0.001094	0.381291	-0.001005	0.999999	0.000432
203	-3.806896	2.500028	-5.575966	-0.375955	0.000014	-0.926638	-0.926637	-0.001107	0.375955	-0.001021	0.999999	0.000429
204	-3.825561	2.500029	-5.622350	-0.370587	0.000011	-0.928798	-0.928797	-0.001120	0.370586	-0.001036	0.999999	0.000426
205	-3.843955	2.500029	-5.668838	-0.365187	0.000009	-0.930934	-0.930934	-0.001133	0.365186	-0.001051	0.999999	0.000423
206	-3.862085	2.500029	-5.715436	-0.359766	0.000008	-0.933043	-0.933042	-0.001146	0.359765	-0.001066	0.999999	0.000419
207	-3.879946	2.500030	-5.762141	-0.354316	0.000006	-0.935126	-0.935125	-0.001159	0.354315	-0.001081	0.999999	0.000416
208	-3.897532	2.500030	-5.808948	-0.348828	0.000005	-0.937187	-0.937186	-0.001171	0.348828	-0.001096	0.999999	0.000413
209	-3.914838	2.500030	-5.855856	-0.343296	0.000004	-0.939227	-0.939227	-0.001184	0.343296	-0.001111	0.999999	0.000410
210	-3.931864	2.500030	-5.902863	-0.337711	0.000003	-0.941250	-0.941249	-0.001196	0.337711	-0.001125	0.999999	0.000406
211	-3.948617	2.500030	-5.949973	-0.332087	0.000002	-0.943249	-0.943248	-0.001208	0.332087	-0.001139	0.999999	0.000403
212	-3.965092	2.500030	-5.997185	-0.326420	0.000001	-0.945225	-0.945224	-0.001220	0.326420	-0.001153	0.999999	0.000400
213	-3.981281	2.500030	-6.044494	-0.320705	0.000001	-0.947179	-0.947179	-0.001232	0.320704	-0.001167	0.999999	0.000396
214	-3.997175	2.500030	-6.091898	-0.314936	0.000000	-0.949113	-0.949112	-0.001244	0.314936	-0.001181	0.999999	0.000392
215	-4.012776	2.500030	-6.139396	-0.309092	0.000000	-0.951032	-0.951031	-0.001256	0.309091	-0.001194	0.999999	0.000388
216	-4.028091	2.500030	-6.186994	-0.303189	0.000000	-0.952931	-0.952930	-0.001267	0.303188	-0.001208	0.999999	0.000384
217	-4.043113	2.500030	-6.234688	-0.297234	-0.000000	-0.954805	-0.954804	-0.001279	0.297234	-0.001221	0.999999	0.000380
218	-4.057835	2.500030	-6.282474	-0.291231	-0.000000	-0.956653	-0.956652	-0.001290	0.291231	-0.001234	0.999999	0.000376
219	-4.072250	2.500030	-6.330348	-0.285182	-0.000000	-0.958473	-0.958472	-0.001301	0.285182	-0.001247	0.999999	0.000371
220	-4.086358	2.500030	-6.378311	-0.279082	-0.000000	-0.960267	-0.960266	-0.001312	0.279082	-0.001260	0.999999	0.000366
221	-4.100167	2.500030	-6.426368	-0.272933	-0.000000	-0.962033	-0.962032	-0.001323	0.272933	-0.001273	0.999999	0.000361
222	-4.113671	2.500030	-6.474514	-0.266737	-0.000000	-0.963769	-0.963769	-0.001333	0.266737	-0.001285	0.999999	0.000356
223	-4.126861	2.500030	-6.522745	-0.260495	-0.000000	-0.965475	-0.965474	-0.001344	0.260494	-0.001298	0.999999	0.000350
224	-4.139732	2.500030	-6.571056	-0.254208	-0.000000	-0.967150	-0.967149	-0.001354	0.254207	-0.001310	0.999999	0.000344
225	-4.152286	2.500030	-6.619450	-0.247871	-0.000000	-0.968793	-0.968792	-0.001365	0.247871	-0.001322	0.999999	0.000338
226	-4.164529	2.500030	-6.667930	-0.241486	-0.000000	-0.970404	-0.970403	-0.001375	0.241486	-0.001334	0.999999	0.000332
227	-4.176454	2.500030	-6.716491	-0.235057	-0.000000	-0.971982	-0.971981	-0.001385	0.235057	-0.001346	0.999999	0.000325
228	-4.188054	2.500030	-6.765129	-0.228588	-0.000000	-0.973523	-0.973522	-0.001395	0.228587	-0.001358	0.999999	0.000319
229	-4.199324	2.500030	-6.813838	-0.222082	-0.000000	-0.975028	-0.975027	-0.001404	0.222081	-0.001369	0.999999	0.000312
230	-4.210267	2.500030	-6.862621	-0.215544	-0.000000	-0.976494	-0.976493	-0.001414	0.215544	-0.001381	0.999999	0.000305
231	-4.220888	2.500030	-6.911483	-0.208966	-0.000000	-0.977923	-0.977922	-0.001423	0.208966	-0.001392	0.999999	0.000297
232	-4.231180	2.500030	-6.960416	-0.202351	-0.000000	-0.979313	-0.979312	-0.001433	0.202351	-0.001403	0.999999	0.000290
233	-4.241139	2.500030	-7.009416	-0.195701	-0.000000	-0.980664	-0.980663	-0.001442	0.195701	-0.001414	0.999999	0.000282
234	-4.250759	2.500030	-7.058477	-0.189021	-0.000000	-0.981973	-0.981972	-0.001451	0.189020	-0.001425	0.999999	0.000274
235	-4.260043	2.500030	-7.107603	-0.182302	-0.000000	-0.983243	-0.983242	-0.001460	0.182302	-0.001435	0.999999	0.000266
236	-4.268995	2.500030	-7.156798	-0.175548	-0.000000	-0.984471	-0.984470	-0.001469	0.175547	-0.001446	0.999999	0.000258
237	-4.277609	2.500030	-7.206055	-0.168763	-0.000000	-0.985657	-0.985656	-0.001477	0.168763	-0.001456	0.999999	0.000249
238	-4.285882	2.500030	-7.255367	-0.161953	-0.000000	-0.986799	-0.986797	-0.001486	0.161952	-0.001466	0.999999	0.000241
239	-4.293810	2.500030	-7.304729	-0.155122	-0.000000	-0.987895	-0.987894	-0.001494	0.155122	-0.001476	0.999999	0.000232
240	-4.301396	2.500030	-7.354147	-0.148265	-0.000000	-0.988948	-0.988947	-0.001502	0.148265	-0.001486	0.999999	0.000223
241	-4.308640	2.500030	-7.403622	-0.141383	-0.000000	-0.989955	-0.989954	-0.001510	0.141382	-0.001495	0.999999	0.000214
242	-4.315542	2.500030	-7.453148	-0.134479	-0.000000	-0.990916	-0.990915	-0.001518	0.134479	-0.001505	0.999999	0.000204
243	-4.322096	2.500030	-7.502718	-0.127559	-0.000000	-0.991831	-0.991830	-0.001526	0.127559	-0.001514	0.999999	0.000195
244	-4.328301	2.500030	-7.552325	-0.120628	-0.000000	-0.992698	-0.992697	-0.001534	0.120627	-0.001523	0.999999	0.000185
245	-4.334159	2.500030	-7.601978	-0.113678	-0.000000	-0.993518	-0.993516	-0.001541	0.113678	-0.001531	0.999999	0.000175
246	-4.339670	2.500030	-7.651676	-0.106711	-0.000000	-0.994290	-0.994289	-0.001549	0.106711	-0.001540	0.999999	0.000165
247	-4.344833	2.500030	-7.701414	-0.099733	-0.000000	-0.995014	-0.995013	-0.001556	0.099733	-0.001548	0.999999	0.000155
248	-4.349647	2.500030	-7.751182	-0.092750	-0.000000	-0.995689	-0.995688	-0.001563	0.092750	-0.001557	0.999999	0.000145
249	-4.354110	2.500030	-7.800976	-0.085767	-0.000000	-0.996315	-0.996314	-0.001570	0.085767	-0.001565	0.999999	0.000135
250	-4.358223	2.500030	-7.850804	-0.078779	-0.000000	-0.996892	-0.996891	-0.001577	0.078779	-0.001572	0.999999	0.000124
251	-4.361986	2.500030	-7.900666	-0.071785	-0.000000	-0.997420	-0.997419	-0.001584	0.071785	-0.001580	0.999999	0.000114
252	-4.365400	2.500030	-7.950553	-0.064790	-0.000000	-0.997899	-0.997898	-0.001591	0.064790	-0.001587	0.999999	0.000103
253	-4.368464	2.500030	-8.000460	-0.057800	-0.000000	-0.998328	-0.998327	-0.001597	0.057800	-0.001595	0.999999	0.000092
254	-4.371179	2.500030	-8.050379	-0.050820	-0.000000	-0.998708	-0.998707	-0.001604	0.050820	-0.001602	0.999999	0.000081
255	-4.373543	2.500030	-8.100321	-0.043841	-0.000000	-0.999039	-0.999037	-0.001610	0.043841	-0.001608	0.999999	0.000071
256	-4.375557	2.500030	-8.150284	-0.036867	-0.000000	-0.999320	-0.999319	-0.001616	0.036867	-0.001615	0.999999	0.000060
257	-4.377222	2.500030	-8.200261	-0.029903	-0.000000	-0.999553	-0.999551	-0.001622	0.029903	-0.001621	0.999999	0.000048
258	-4.378542	2.500030	-8.250244	-0.022956	-0.000000	-0.999736	-0.999735	-0.001628	0.022955	-0.001628	0.999999	0.000037
259	-4.379515	2.500030	-8.300227	-0.016029	-0.000000	-0.999872	-0.999870	-0.001634	0.016029	-0.001633	0.999999	0.000026
260	-4.380139	2.500030	-8.350222	-0.009114	-0.000000	-0.999958	-0.999957	-0.001639	0.009114	-0.001639	0.999999	0.000015
261	-4.380416	2.500030	-8.400225	-0.002215	-0.000000	-0.999998	-0.999996	-0.001645	0.002215	-0.001645	0.999999	0.000004
262	-4.380348	2.500030	-8.450229	0.004662	-0.000000	-0.999989	-0.999988	-0.001650	-0.004662	-0.001650	0.999999	-0.000008
263	-4.379940	2.500030	-8.500227	0.011513	-0.000000	-0.999934	-0.999932	-0.001655	-0.011512	-0.001655	0.999999	-0.000019
264	-4.379192	2.500030	-8.550214	0.018332	-0.000000	-0.999832	-0.999831	-0.001661	-0.018332	-0.001660	0.999999	-0.000030
265	-4.378100	2.500030	-8.600202	0.025129	-0.000000	-0.999684	-0.999683	-0.001666	-0.025129	-0.001665	0.999999	-0.000042
266	-4.376665	2.500030	-8.650185	0.031899	-0.000000	-0.999491	-0.999490	-0.001670	-0.031899	-0.001670	0.999999	-0.000053
267	-4.374893	2.500030	-8.700157	0.038638	-0.000000	-0.999253	-0.999252	-0.001675	-0.038638	-0.001674	0.999999	-0.000065
268	-4.372788	2.500030	-8.750112	0.045340	-0.000000	-0.998972	-0.998970	-0.001680	-0.045340	-0.001678	0.999999	-0.000076
269	-4.370352	2.500030	-8.800046	0.052002	-0.000000	-0.998647	-0.998646	-0.001684	-0.052002	-0.001682	0.999999	-0.000088
270	-4.367578	2.500030	-8.849969	0.058631	-0.000000	-0.998280	-0.998278	-0.001689	-0.058631	-0.001686	0.999999	-0.000099
271	-4.364470	2.500030	-8.899876	0.065224	-0.000000	-0.997871	-0.997869	-0.001693	-0.065224	-0.001689	0.999999	-0.000110
272	-4.361034	2.500030	-8.949761	0.071776	-0.000000	-0.997421	-0.997419	-0.001697	-0.071776	-0.001693	0.999999	-0.000122
273	-4.357277	2.500030	-8.999618	0.078282	-0.000000	-0.996931	-0.996930	-0.001701	-0.078282	-0.001696	0.999999	-0.000133
274	-4.353199	2.500030	-9.049446	0.084740	-0.000000	-0.996403	-0.996402	-0.001705	-0.084740	-0.001699	0.999999	-0.000145
275	-4.348791	2.500030	-9.099251	0.091157	-0.000000	-0.995837	-0.995835	-0.001709	-0.091157	-0.001701	0.999999	-0.000156
276	-4.344060	2.500030	-9.149030	0.097528	-0.000000	-0.995233	-0.995231	-0.001712	-0.097528	-0.001704	0.999999	-0.000167
277	-4.339013	2.500030	-9.198778	0.103850	-0.000000	-0.994593	-0.994591	-0.001716	-0.103850	-0.001706	0.999999	-0.000178
278	-4.333657	2.500030	-9.248489	0.110119	-0.000000	-0.993918	-0.993917	-0.001719	-0.110119	-0.001709	0.999999	-0.000189
279	-4.327993	2.500030	-9.298161	0.116333	-0.000000	-0.993210	-0.993209	-0.001722	-0.116333	-0.001711	0.999999	-0.000200
280	-4.322010	2.500030	-9.347803	0.122497	-0.000000	-0.992469	-0.992467	-0.001726	-0.122497	-0.001713	0.999999	-0.000211
281	-4.315717	2.500030	-9.397408	0.128609	-0.000000	-0.991695	-0.991694	-0.001729	-0.128609	-0.001714	0.999999	-0.000222
282	-4.309121	2.500030	-9.446974	0.134665	-0.000000	-0.990891	-0.990890	-0.001731	-0.134664	-0.001716	0.999999	-0.000233
283	-4.302230	2.500030	-9.496495	0.140660	-0.000000	-0.990058	-0.990056	-0.001734	-0.140660	-0.001717	0.999998	-0.000244
284	-4.295045	2.500030	-9.545971	0.146596	-0.000000	-0.989196	-0.989195	-0.001737	-0.146596	-0.001718	0.999998	-0.000255
285	-4.287555	2.500030	-9.595408	0.152476	-0.000000	-0.988307	-0.988306	-0.001739	-0.152475	-0.001719	0.999998	-0.000265
286	-4.279768	2.500030	-9.644801	0.158296	-0.000000	-0.987392	-0.987390	-0.001742	-0.158296	-0.001720	0.999998	-0.000276
287	-4.271694	2.500030	-9.694147	0.164055	-0.000000	-0.986451	-0.986450	-0.001744	-0.164055	-0.001720	0.999998	-0.000286
288	-4.263342	2.500030	-9.743442	0.169750	-0.000000	-0.985487	-0.985486	-0.001746	-0.169750	-0.001721	0.999998	-0.000296
289	-4.254709	2.500030	-9.792687	0.175381	-0.000000	-0.984501	-0.984499	-0.001748	-0.175381	-0.001721	0.999998	-0.000307
290	-4.245786	2.500030	-9.841885	0.180950	-0.000000	-0.983492	-0.983491	-0.001750	-0.180950	-0.001721	0.999998	-0.000317
291	-4.236582	2.500030	-9.891034	0.186456	-0.000000	-0.982463	-0.982462	-0.001752	-0.186456	-0.001721	0.999998	-0.000327
292	-4.227107	2.500030	-9.940130	0.191897	-0.000000	-0.981415	-0.981414	-0.001754	-0.191897	-0.001721	0.999998	-0.000337
293	-4.217371	2.500030	-9.989171	0.197270	-0.000000	-0.980349	-0.980348	-0.001755	-0.197269	-0.001721	0.999998	-0.000346
294	-4.207370	2.500030	-10.038157	0.202575	-0.000000	-0.979267	-0.979265	-0.001757	-0.202575	-0.001721	0.999998	-0.000356
295	-4.197094	2.500030	-10.087090	0.207816	-0.000000	-0.978168	-0.978166	-0.001758	-0.207816	-0.001720	0.999998	-0.000365
296	-4.186555	2.500030	-10.135969	0.212990	-0.000000	-0.977054	-0.977053	-0.001760	-0.212990	-0.001719	0.999998	-0.000375
297	-4.175761	2.500030	-10.184792	0.218096	-0.000000	-0.975927	-0.975926	-0.001761	-0.218095	-0.001718	0.999998	-0.000384
298	-4.164724	2.500030	-10.233556	0.223132	-0.000000	-0.974788	-0.974787	-0.001762	-0.223132	-0.001717	0.999998	-0.000393
299	-4.153437	2.500030	-10.282263	0.228099	-0.000000	-0.973638	-0.973636	-0.001763	-0.228099	-0.001716	0.999998	-0.000402
300	-4.141893	2.500030	-10.330913	0.232999	-0.000000	-0.972477	-0.972475	-0.001763	-0.232999	-0.001715	0.999998	-0.000411
301	-4.130102	2.500030	-10.379505	0.237830	-0.000000	-0.971307	-0.971305	-0.001764	-0.237830	-0.001713	0.999998	-0.000420
302	-4.118076	2.500030	-10.428039	0.242592	-0.000000	-0.970129	-0.970127	-0.001765	-0.242591	-0.001712	0.999998	-0.000428
303	-4.105823	2.500030	-10.476512	0.247283	-0.000000	-0.968943	-0.968942	-0.001765	-0.247283	-0.001710	0.999998	-0.000436
304	-4.093336	2.500030	-10.524925	0.251905	-0.000000	-0.967752	-0.967751	-0.001765	-0.251904	-0.001708	0.999998	-0.000445
305	-4.080610	2.500030	-10.573279	0.256457	-0.000000	-0.966556	-0.966554	-0.001766	-0.256457	-0.001707	0.999998	-0.000453
306	-4.067655	2.500030	-10.621574	0.260940	-0.000000	-0.965355	-0.965353	-0.001766	-0.260940	-0.001704	0.999998	-0.000461
307	-4.054482	2.500030	-10.669809	0.265354	-0.000000	-0.964151	-0.964150	-0.001766	-0.265354	-0.001702	0.999998	-0.000469
308	-4.041100	2.500030	-10.717982	0.269698	-0.000000	-0.962945	-0.962944	-0.001766	-0.269697	-0.001700	0.999998	-0.000476
309	-4.027500	2.500030	-10.766095	0.273971	-0.000000	-0.961738	-0.961736	-0.001765	-0.273971	-0.001698	0.999998	-0.000484
310	-4.013679	2.500030	-10.814148	0.278176	-0.000000	-0.960530	-0.960529	-0.001765	-0.278175	-0.001695	0.999998	-0.000491
311	-3.999647	2.500030	-10.862141	0.282311	-0.000000	-0.959323	-0.959321	-0.001764	-0.282311	-0.001693	0.999998	-0.000498
312	-3.985414	2.500030	-10.910073	0.286377	-0.000000	-0.958117	-0.958115	-0.001764	-0.286377	-0.001690	0.999998	-0.000505
313	-3.970991	2.500030	-10.957945	0.290375	-0.000000	-0.956913	-0.956912	-0.001763	-0.290374	-0.001687	0.999998	-0.000512
314	-3.956365	2.500030	-11.005757	0.294303	-0.000000	-0.955712	-0.955711	-0.001762	-0.294302	-0.001684	0.999998	-0.000519
315	-3.941536	2.500030	-11.053508	0.298162	-0.000000	-0.954515	-0.954514	-0.001762	-0.298161	-0.001681	0.999998	-0.000525
316	-3.926513	2.500030	-11.101200	0.301953	-0.000000	-0.953323	-0.953321	-0.001760	-0.301952	-0.001678	0.999998	-0.000532
317	-3.911308	2.500030	-11.148832	0.305676	-0.000000	-0.952136	-0.952134	-0.001759	-0.305676	-0.001675	0.999998	-0.000538
318	-3.895929	2.500030	-11.196406	0.309332	-0.000000	-0.950954	-0.950953	-0.001758	-0.309331	-0.001672	0.999998	-0.000544
319	-3.880363	2.500030	-11.243920	0.312920	-0.000000	-0.949780	-0.949778	-0.001757	-0.312919	-0.001669	0.999998	-0.000550
320	-3.864611	2.500030	-11.291375	0.316441	-0.000000	-0.948612	-0.948611	-0.001755	-0.316440	-0.001665	0.999998	-0.000555
321	-3.848683	2.500030	-11.338772	0.319894	-0.000000	-0.947453	-0.947452	-0.001754	-0.319894	-0.001662	0.999998	-0.000561
322	-3.832590	2.500030	-11.386111	0.323282	-0.000000	-0.946303	-0.946301	-0.001752	-0.323282	-0.001658	0.999998	-0.000566
323	-3.816339	2.500030	-11.433395	0.326605	-0.000000	-0.945161	-0.945160	-0.001750	-0.326604	-0.001654	0.999998	-0.000572
324	-3.799917	2.500030	-11.480621	0.329862	-0.000000	-0.944029	-0.944028	-0.001748	-0.329861	-0.001651	0.999998	-0.000577
325	-3.783327	2.500030	-11.527789	0.333053	-0.000000	-0.942908	-0.942907	-0.001746	-0.333052	-0.001647	0.999998	-0.000582
326	-3.766577	2.500030	-11.574901	0.336179	-0.000000	-0.941798	-0.941797	-0.001744	-0.336178	-0.001643	0.999998	-0.000586
327	-3.749679	2.500030	-11.621959	0.339241	-0.000000	-0.940700	-0.940698	-0.001742	-0.339240	-0.001639	0.999998	-0.000591
328	-3.732639	2.500030	-11.668964	0.342240	-0.000000	-0.939613	-0.939611	-0.001740	-0.342239	-0.001635	0.999998	-0.000595
329	-3.715443	2.500030	-11.715914	0.345175	-0.000000	-0.938538	-0.938537	-0.001737	-0.345174	-0.001631	0.999998	-0.000600
330	-3.698095	2.500030	-11.762809	0.348046	-0.000000	-0.937478	-0.937476	-0.001735	-0.348045	-0.001626	0.999998	-0.000604
331	-3.680605	2.500030	-11.809651	0.350854	-0.000000	-0.936430	-0.936429	-0.001732	-0.350854	-0.001622	0.999998	-0.000608
332	-3.662981	2.500030	-11.856442	0.353602	-0.000000	-0.935396	-0.935395	-0.001730	-0.353601	-0.001618	0.999999	-0.000612
333	-3.645231	2.500030	-11.903184	0.356288	-0.000000	-0.934376	-0.934375	-0.001727	-0.356287	-0.001613	0.999999	-0.000615
334	-3.627340	2.500030	-11.949873	0.358912	-0.000000	-0.933371	-0.933370	-0.001724	-0.358912	-0.001609	0.999999	-0.000619
335	-3.609313	2.500030	-11.996511	0.361475	-0.000000	-0.932382	-0.932380	-0.001721	-0.361475	-0.001604	0.999999	-0.000622
336	-3.591160	2.500030	-12.043100	0.363978	-0.000000	-0.931407	-0.931406	-0.001718	-0.363978	-0.001600	0.999999	-0.000625
337	-3.572889	2.500030	-12.089642	0.366422	-0.000000	-0.930449	-0.930447	-0.001714	-0.366422	-0.001595	0.999999	-0.000628
