"No."	"PosX"	"PosY"	"PosZ"	"FrontX"	"FrontY"	"FrontZ"	"LeftX"	"LeftY"	"LeftZ"	"UpX"	"UpY"	"UpZ"
1	-5.268547	2.500031	4.453671	-0.553037	0.000000	-0.833157	-0.833157	0.000000	0.553037	0.000000	1.000000	0.000000
2	-5.296199	2.500031	4.412013	-0.552613	-0.000000	-0.833438	-0.833438	0.000048	0.552613	0.000040	1.000000	-0.000026
3	-5.323851	2.500031	4.370355	-0.552048	-0.000000	-0.833812	-0.833812	0.000107	0.552048	0.000089	1.000000	-0.000059
4	-5.351502	2.500031	4.328698	-0.551340	-0.000000	-0.834280	-0.834280	0.000188	0.551340	0.000156	1.000000	-0.000104
5	-5.379154	2.500031	4.287040	-0.550487	-0.000000	-0.834844	-0.834844	0.000300	0.550487	0.000250	1.000000	-0.000165
6	-5.406806	2.500031	4.245382	-0.549484	-0.000000	-0.835504	-0.835504	0.000454	0.549484	0.000379	1.000000	-0.000249
7	-5.434248	2.500031	4.203586	-0.548265	0.000000	-0.836305	-0.836305	0.000652	0.548265	0.000546	1.000000	-0.000357
8	-5.461614	2.500031	4.161740	-0.546835	0.000000	-0.837241	-0.837240	0.000887	0.546834	0.000743	1.000000	-0.000485
9	-5.488907	2.500031	4.119846	-0.545280	0.000000	-0.838254	-0.838253	0.001157	0.545280	0.000970	0.999999	-0.000631
10	-5.516126	2.500031	4.077904	-0.543689	-0.000000	-0.839287	-0.839286	0.001463	0.543688	0.001227	0.999999	-0.000795
11	-5.543271	2.500031	4.035914	-0.542146	0.000000	-0.840284	-0.840283	0.001803	0.542146	0.001515	0.999998	-0.000977
12	-5.570342	2.500031	3.993877	-0.540650	0.000000	-0.841247	-0.841245	0.002178	0.540649	0.001832	0.999998	-0.001177
13	-5.597339	2.500031	3.951792	-0.539145	0.000000	-0.842213	-0.842210	0.002588	0.539144	0.002179	0.999997	-0.001395
14	-5.624262	2.500031	3.909658	-0.537632	-0.000000	-0.843179	-0.843175	0.003033	0.537630	0.002557	0.999995	-0.001630
15	-5.651108	2.500031	3.867477	-0.536112	-0.000000	-0.844147	-0.844142	0.003513	0.536109	0.002965	0.999994	-0.001884
16	-5.677877	2.500031	3.825247	-0.534586	0.000000	-0.845114	-0.845107	0.004029	0.534582	0.003405	0.999992	-0.002154
17	-5.704570	2.500031	3.782968	-0.533067	0.000000	-0.846073	-0.846064	0.004578	0.533062	0.003873	0.999990	-0.002440
18	-5.731187	2.500031	3.740642	-0.531543	0.000000	-0.847031	-0.847020	0.005162	0.531536	0.004373	0.999987	-0.002744
19	-5.757728	2.500031	3.698267	-0.530011	-0.000000	-0.847991	-0.847977	0.005781	0.530002	0.004902	0.999983	-0.003064
20	-5.784191	2.500031	3.655844	-0.528468	-0.000000	-0.848953	-0.848936	0.006433	0.528457	0.005461	0.999979	-0.003400
21	-5.810575	2.500031	3.613372	-0.526911	0.000000	-0.849921	-0.849899	0.007115	0.526897	0.006047	0.999975	-0.003749
22	-5.836881	2.500031	3.570852	-0.525321	0.000000	-0.850904	-0.850878	0.007834	0.525305	0.006666	0.999969	-0.004115
23	-5.863108	2.500031	3.528282	-0.523718	0.000000	-0.851892	-0.851861	0.008585	0.523698	0.007313	0.999963	-0.004496
24	-5.889256	2.500031	3.485664	-0.522103	-0.000000	-0.852882	-0.852845	0.009369	0.522080	0.007991	0.999956	-0.004892
25	-5.915323	2.500031	3.442997	-0.520481	-0.000000	-0.853873	-0.853829	0.010187	0.520454	0.008699	0.999948	-0.005303
26	-5.941308	2.500031	3.400279	-0.518855	0.000000	-0.854862	-0.854810	0.011041	0.518823	0.009439	0.999939	-0.005729
27	-5.967212	2.500031	3.357513	-0.517239	0.000000	-0.855841	-0.855780	0.011924	0.517202	0.010205	0.999929	-0.006168
28	-5.993037	2.500031	3.314699	-0.515618	0.000000	-0.856819	-0.856748	0.012843	0.515575	0.011004	0.999918	-0.006622
29	-6.018780	2.500031	3.271835	-0.513989	-0.000000	-0.857797	-0.857715	0.013794	0.513940	0.011833	0.999905	-0.007090
30	-6.044441	2.500031	3.228922	-0.512350	-0.000000	-0.858777	-0.858683	0.014778	0.512294	0.012691	0.999891	-0.007572
31	-6.070018	2.500031	3.185959	-0.510698	0.000000	-0.859760	-0.859653	0.015792	0.510634	0.013577	0.999875	-0.008065
32	-6.095511	2.500031	3.142947	-0.509029	0.000000	-0.860749	-0.860627	0.016840	0.508957	0.014495	0.999858	-0.008572
33	-6.120922	2.500031	3.099885	-0.507350	0.000000	-0.861740	-0.861602	0.017921	0.507269	0.015443	0.999839	-0.009092
34	-6.146248	2.500031	3.056773	-0.505660	-0.000000	-0.862733	-0.862576	0.019033	0.505569	0.016420	0.999819	-0.009624
35	-6.171490	2.500031	3.013612	-0.503960	-0.000000	-0.863727	-0.863551	0.020175	0.503857	0.017425	0.999796	-0.010167
36	-6.196645	2.500031	2.970401	-0.502246	0.000000	-0.864725	-0.864528	0.021347	0.502132	0.018459	0.999772	-0.010721
37	-6.221715	2.500031	2.927141	-0.500512	0.000000	-0.865730	-0.865509	0.022553	0.500385	0.019525	0.999746	-0.011288
38	-6.246699	2.500031	2.883830	-0.498765	0.000000	-0.866737	-0.866492	0.023788	0.498624	0.020618	0.999717	-0.011864
39	-6.271597	2.500031	2.840470	-0.497008	-0.000000	-0.867746	-0.867474	0.025054	0.496852	0.021741	0.999686	-0.012452
40	-6.296407	2.500031	2.797059	-0.495242	-0.000000	-0.868755	-0.868453	0.026354	0.495070	0.022895	0.999653	-0.013052
41	-6.321126	2.500031	2.753598	-0.493474	0.000000	-0.869760	-0.869427	0.027687	0.493285	0.024081	0.999617	-0.013663
42	-6.345758	2.500031	2.710086	-0.491718	0.000000	-0.870754	-0.870387	0.029047	0.491511	0.025293	0.999578	-0.014283
43	-6.370303	2.500031	2.666525	-0.489957	0.000000	-0.871746	-0.871342	0.030441	0.489730	0.026537	0.999537	-0.014915
44	-6.394759	2.500031	2.622914	-0.488187	-0.000000	-0.872739	-0.872296	0.031867	0.487939	0.027812	0.999492	-0.015557
45	-6.419125	2.500031	2.579253	-0.486403	-0.000000	-0.873735	-0.873250	0.033320	0.486133	0.029113	0.999445	-0.016207
46	-6.443399	2.500031	2.535541	-0.484598	0.000000	-0.874737	-0.874207	0.034799	0.484305	0.030440	0.999394	-0.016863
47	-6.467583	2.500031	2.491779	-0.482757	0.000000	-0.875754	-0.875177	0.036313	0.482438	0.031801	0.999340	-0.017530
48	-6.491676	2.500031	2.447966	-0.480899	0.000000	-0.876776	-0.876148	0.037853	0.480554	0.033188	0.999283	-0.018203
49	-6.515677	2.500031	2.404103	-0.479028	-0.000000	-0.877800	-0.877117	0.039421	0.478655	0.034604	0.999223	-0.018884
50	-6.539585	2.500031	2.360189	-0.477148	-0.000000	-0.878823	-0.878083	0.041022	0.476747	0.036051	0.999158	-0.019574
51	-6.563396	2.500031	2.316224	-0.475267	0.000000	-0.879841	-0.879041	0.042655	0.474835	0.037529	0.999090	-0.020272
52	-6.587115	2.500031	2.272208	-0.473397	0.000000	-0.880849	-0.879984	0.044312	0.472932	0.039032	0.999018	-0.020977
53	-6.610742	2.500031	2.228142	-0.471520	0.000000	-0.881855	-0.880922	0.046003	0.471021	0.040568	0.998941	-0.021691
54	-6.634275	2.500031	2.184025	-0.469634	-0.000000	-0.882861	-0.881855	0.047724	0.469099	0.042133	0.998861	-0.022413
55	-6.657711	2.500031	2.139858	-0.467735	-0.000000	-0.883869	-0.882786	0.049472	0.467162	0.043726	0.998776	-0.023140
56	-6.681050	2.500031	2.095640	-0.465819	0.000000	-0.884880	-0.883717	0.051245	0.465207	0.045346	0.998686	-0.023871
57	-6.704293	2.500031	2.051371	-0.463880	0.000000	-0.885898	-0.884650	0.053051	0.463227	0.046998	0.998592	-0.024609
58	-6.727440	2.500031	2.007051	-0.461928	0.000000	-0.886918	-0.885581	0.054883	0.461232	0.048677	0.998493	-0.025352
59	-6.750489	2.500031	1.962681	-0.459963	-0.000000	-0.887938	-0.886508	0.056743	0.459222	0.050384	0.998389	-0.026100
60	-6.773439	2.500031	1.918259	-0.457986	-0.000000	-0.888960	-0.887430	0.058629	0.457198	0.052119	0.998280	-0.026851
61	-6.796289	2.500031	1.873786	-0.455997	0.000000	-0.889981	-0.888349	0.060543	0.455161	0.053882	0.998166	-0.027607
62	-6.819041	2.500031	1.829262	-0.453994	0.000000	-0.891005	-0.889264	0.062486	0.453107	0.055675	0.998046	-0.028368
63	-6.841693	2.500031	1.784688	-0.451978	0.000000	-0.892029	-0.890174	0.064455	0.451038	0.057496	0.997921	-0.029132
64	-6.864246	2.500031	1.740062	-0.449951	-0.000000	-0.893053	-0.891079	0.066452	0.448956	0.059345	0.997790	-0.029900
65	-6.886695	2.500031	1.695386	-0.447914	-0.000000	-0.894077	-0.891978	0.068478	0.446862	0.061224	0.997653	-0.030672
66	-6.909041	2.500031	1.650658	-0.445871	0.000000	-0.895097	-0.892868	0.070532	0.444760	0.063133	0.997510	-0.031448
67	-6.931285	2.500031	1.605878	-0.443830	0.000000	-0.896111	-0.893745	0.072611	0.442659	0.065067	0.997360	-0.032227
68	-6.953428	2.500031	1.561048	-0.441782	0.000000	-0.897123	-0.894615	0.074720	0.440547	0.067033	0.997205	-0.033010
69	-6.975468	2.500031	1.516168	-0.439721	-0.000000	-0.898135	-0.895478	0.076856	0.438420	0.069027	0.997042	-0.033795
70	-6.997403	2.500031	1.471236	-0.437644	-0.000000	-0.899148	-0.896337	0.079014	0.436276	0.071045	0.996874	-0.034580
71	-7.019232	2.500031	1.426253	-0.435542	0.000000	-0.900169	-0.897196	0.081194	0.434104	0.073089	0.996698	-0.035363
72	-7.040956	2.500031	1.381220	-0.433401	0.000000	-0.901201	-0.898061	0.083406	0.431891	0.075166	0.996516	-0.036148
73	-7.062575	2.500031	1.336135	-0.431241	0.000000	-0.902237	-0.898922	0.085637	0.429657	0.077265	0.996326	-0.036930
74	-7.084087	2.500031	1.290998	-0.429068	-0.000000	-0.903272	-0.899777	0.087893	0.427407	0.079391	0.996130	-0.037712
75	-7.105490	2.500031	1.245811	-0.426886	-0.000000	-0.904305	-0.900621	0.090181	0.425147	0.081551	0.995925	-0.038497
76	-7.126782	2.500031	1.200572	-0.424710	0.000000	-0.905329	-0.901448	0.092497	0.422890	0.083741	0.995713	-0.039284
77	-7.147967	2.500031	1.155282	-0.422554	0.000000	-0.906338	-0.902253	0.094832	0.420650	0.085950	0.995493	-0.040071
78	-7.169045	2.500031	1.109941	-0.420392	0.000000	-0.907343	-0.903046	0.097201	0.418401	0.088194	0.995265	-0.040862
79	-7.190013	2.500031	1.064550	-0.418218	-0.000000	-0.908347	-0.903831	0.099595	0.416138	0.090467	0.995028	-0.041653
80	-7.210871	2.500031	1.019108	-0.416026	-0.000000	-0.909353	-0.904609	0.102009	0.413856	0.092762	0.994784	-0.042438
81	-7.231616	2.500031	0.973615	-0.413803	0.000000	-0.910367	-0.905388	0.104442	0.411540	0.095080	0.994531	-0.043218
82	-7.252249	2.500031	0.928072	-0.411536	0.000000	-0.911393	-0.906170	0.106906	0.409178	0.097433	0.994269	-0.043995
83	-7.272771	2.500031	0.882477	-0.409249	0.000000	-0.912423	-0.906948	0.109387	0.406793	0.099807	0.993999	-0.044766
84	-7.293179	2.500031	0.836831	-0.406947	-0.000000	-0.913452	-0.907716	0.111890	0.404391	0.102206	0.993721	-0.045533
85	-7.313472	2.500031	0.791134	-0.404635	-0.000000	-0.914478	-0.908472	0.114421	0.401977	0.104636	0.993432	-0.046299
86	-7.333647	2.500031	0.745386	-0.402326	0.000000	-0.915496	-0.909211	0.116979	0.399564	0.107094	0.993134	-0.047064
87	-7.353709	2.500031	0.699588	-0.400027	0.000000	-0.916503	-0.909930	0.119556	0.397158	0.109573	0.992827	-0.047825
88	-7.373658	2.500031	0.653739	-0.397721	0.000000	-0.917507	-0.910635	0.122162	0.394742	0.112085	0.992510	-0.048586
89	-7.393490	2.500031	0.607839	-0.395402	-0.000000	-0.918508	-0.911328	0.124793	0.392311	0.114623	0.992183	-0.049343
90	-7.413203	2.500031	0.561890	-0.393066	-0.000000	-0.919510	-0.912013	0.127442	0.389861	0.117184	0.991846	-0.050093
91	-7.432797	2.500031	0.515890	-0.390704	0.000000	-0.920516	-0.912691	0.130112	0.387383	0.119770	0.991499	-0.050835
92	-7.452274	2.500031	0.469839	-0.388312	0.000000	-0.921528	-0.913365	0.132807	0.384873	0.122386	0.991142	-0.051571
93	-7.471632	2.500031	0.423738	-0.385902	0.000000	-0.922540	-0.914029	0.135521	0.382342	0.125024	0.990774	-0.052298
94	-7.490869	2.500031	0.377587	-0.383478	-0.000000	-0.923550	-0.914681	0.138256	0.379795	0.127687	0.990396	-0.053018
95	-7.509985	2.500031	0.331385	-0.381040	-0.000000	-0.924558	-0.915320	0.141015	0.377233	0.130377	0.990007	-0.053733
96	-7.528976	2.500031	0.285133	-0.378597	0.000000	-0.925562	-0.915943	0.143796	0.374662	0.133092	0.989607	-0.054441
97	-7.547848	2.500031	0.238831	-0.376148	0.000000	-0.926560	-0.916549	0.146598	0.372084	0.135832	0.989196	-0.055142
98	-7.566598	2.500031	0.192480	-0.373687	0.000000	-0.927555	-0.917142	0.149423	0.369492	0.138598	0.988773	-0.055837
99	-7.585225	2.500031	0.146078	-0.371213	-0.000000	-0.928548	-0.917720	0.152270	0.366884	0.141390	0.988339	-0.056525
100	-7.603726	2.500031	0.099627	-0.368723	-0.000000	-0.929539	-0.918285	0.155137	0.364259	0.144206	0.987893	-0.057203
101	-7.622099	2.500031	0.053126	-0.366216	0.000000	-0.930530	-0.918838	0.158023	0.361615	0.147046	0.987435	-0.057871
102	-7.640349	2.500031	0.006576	-0.363692	0.000000	-0.931519	-0.919378	0.160932	0.358951	0.149911	0.986966	-0.058529
103	-7.658473	2.500031	-0.040024	-0.361152	0.000000	-0.932507	-0.919903	0.163860	0.356270	0.152801	0.986484	-0.059178
104	-7.676470	2.500031	-0.086674	-0.358597	-0.000000	-0.933493	-0.920414	0.166808	0.353573	0.155714	0.985989	-0.059817
105	-7.694338	2.500031	-0.133372	-0.356027	-0.000000	-0.934476	-0.920910	0.169774	0.350858	0.158650	0.985483	-0.060444
106	-7.712075	2.500031	-0.180119	-0.353441	0.000000	-0.935457	-0.921391	0.172761	0.348127	0.161611	0.984964	-0.061061
107	-7.729684	2.500031	-0.226915	-0.350838	0.000000	-0.936436	-0.921857	0.175767	0.345377	0.164595	0.984432	-0.061666
108	-7.747165	2.500031	-0.273761	-0.348221	0.000000	-0.937413	-0.922308	0.178793	0.342610	0.167603	0.983887	-0.062259
109	-7.764514	2.500031	-0.320655	-0.345588	-0.000000	-0.938386	-0.922742	0.181837	0.339827	0.170634	0.983329	-0.062841
110	-7.781731	2.500031	-0.367597	-0.342942	-0.000000	-0.939357	-0.923159	0.184902	0.337028	0.173689	0.982757	-0.063411
111	-7.798812	2.500031	-0.414588	-0.340285	0.000000	-0.940322	-0.923558	0.187985	0.334219	0.176767	0.982172	-0.063968
112	-7.815762	2.500031	-0.461627	-0.337620	0.000000	-0.941283	-0.923938	0.191087	0.331399	0.179867	0.981573	-0.064514
113	-7.832580	2.500031	-0.508714	-0.334941	0.000000	-0.942239	-0.924299	0.194209	0.328564	0.182991	0.980960	-0.065048
114	-7.849263	2.500031	-0.555850	-0.332247	-0.000000	-0.943193	-0.924643	0.197348	0.325712	0.186137	0.980333	-0.065569
115	-7.865809	2.500031	-0.603032	-0.329535	-0.000000	-0.944143	-0.924971	0.200503	0.322843	0.189304	0.979693	-0.066073
116	-7.882218	2.500031	-0.650262	-0.326801	0.000000	-0.945093	-0.925283	0.203675	0.319950	0.192492	0.979039	-0.066561
117	-7.898491	2.500031	-0.697540	-0.324041	0.000000	-0.946043	-0.925579	0.206866	0.317032	0.195704	0.978369	-0.067033
118	-7.914628	2.500031	-0.744865	-0.321264	0.000000	-0.946990	-0.925859	0.210071	0.314096	0.198935	0.977686	-0.067488
119	-7.930625	2.500031	-0.792237	-0.318472	-0.000000	-0.947932	-0.926119	0.213294	0.311143	0.202188	0.976988	-0.067928
120	-7.946482	2.500031	-0.839656	-0.315667	-0.000000	-0.948870	-0.926358	0.216536	0.308177	0.205465	0.976275	-0.068353
121	-7.962196	2.500031	-0.887121	-0.312857	0.000000	-0.949800	-0.926574	0.219794	0.305207	0.208760	0.975546	-0.068764
122	-7.977772	2.500031	-0.934633	-0.310043	0.000000	-0.950722	-0.926767	0.223068	0.302231	0.212076	0.974803	-0.069161
123	-7.993207	2.500031	-0.982192	-0.307217	0.000000	-0.951639	-0.926938	0.226362	0.299243	0.215415	0.974043	-0.069542
124	-8.008501	2.500031	-1.029796	-0.304375	-0.000000	-0.952552	-0.927089	0.229672	0.296238	0.218775	0.973268	-0.069907
125	-8.023650	2.500031	-1.077446	-0.301515	-0.000000	-0.953462	-0.927221	0.232993	0.293216	0.222150	0.972478	-0.070251
126	-8.038653	2.500031	-1.125141	-0.298626	0.000000	-0.954370	-0.927336	0.236330	0.290167	0.225546	0.971673	-0.070574
127	-8.053513	2.500031	-1.172881	-0.295708	0.000000	-0.955278	-0.927433	0.239683	0.287089	0.228964	0.970851	-0.070876
128	-8.068229	2.500031	-1.220667	-0.292772	-0.000000	-0.956182	-0.927511	0.243048	0.283993	0.232398	0.970014	-0.071157
129	-8.082799	2.500031	-1.268498	-0.289820	-0.000000	-0.957081	-0.927566	0.246427	0.280882	0.235851	0.969161	-0.071420
130	-8.097219	2.500031	-1.316374	-0.286855	-0.000000	-0.957974	-0.927598	0.249825	0.277759	0.239326	0.968291	-0.071664
131	-8.111488	2.500031	-1.364293	-0.283889	0.000000	-0.958857	-0.927603	0.253236	0.274636	0.242817	0.967405	-0.071891
132	-8.125612	2.500031	-1.412256	-0.280921	0.000000	-0.959731	-0.927581	0.256661	0.271510	0.246326	0.966501	-0.072101
133	-8.139588	2.500031	-1.460264	-0.277940	-0.000000	-0.960599	-0.927535	0.260105	0.268373	0.249856	0.965580	-0.072293
134	-8.153414	2.500031	-1.508316	-0.274943	-0.000000	-0.961461	-0.927466	0.263561	0.265222	0.253404	0.964643	-0.072465
135	-8.167087	2.500031	-1.556409	-0.271927	-0.000000	-0.962318	-0.927375	0.267027	0.262053	0.256964	0.963689	-0.072612
136	-8.180607	2.500031	-1.604545	-0.268881	0.000000	-0.963173	-0.927265	0.270506	0.258856	0.260544	0.962718	-0.072734
137	-8.193976	2.500031	-1.652725	-0.265805	0.000000	-0.964027	-0.927134	0.273998	0.255633	0.264142	0.961730	-0.072830
138	-8.207193	2.500031	-1.700947	-0.262711	-0.000000	-0.964875	-0.926980	0.277500	0.252393	0.267753	0.960726	-0.072902
139	-8.220255	2.500031	-1.749212	-0.259601	-0.000000	-0.965716	-0.926801	0.281015	0.249140	0.271381	0.959703	-0.072952
140	-8.233160	2.500031	-1.797517	-0.256478	-0.000000	-0.966550	-0.926595	0.284546	0.245876	0.275028	0.958662	-0.072980
141	-8.245907	2.500031	-1.845864	-0.253354	0.000000	-0.967374	-0.926361	0.288087	0.242613	0.278688	0.957604	-0.072988
142	-8.258500	2.500031	-1.894252	-0.250225	0.000000	-0.968188	-0.926099	0.291640	0.239348	0.282362	0.956528	-0.072975
143	-8.270938	2.500031	-1.942681	-0.247084	-0.000000	-0.968994	-0.925809	0.295208	0.236072	0.286055	0.955433	-0.072941
144	-8.283217	2.500031	-1.991151	-0.243927	-0.000000	-0.969794	-0.925493	0.298788	0.232784	0.289763	0.954319	-0.072883
145	-8.295336	2.500031	-2.039660	-0.240751	-0.000000	-0.970587	-0.925153	0.302375	0.229481	0.293481	0.953189	-0.072797
146	-8.307293	2.500031	-2.088207	-0.237547	0.000000	-0.971376	-0.924789	0.305973	0.226154	0.297215	0.952040	-0.072683
147	-8.319092	2.500031	-2.136795	-0.234316	0.000000	-0.972160	-0.924401	0.309582	0.222805	0.300963	0.950873	-0.072540
148	-8.330730	2.500031	-2.185423	-0.231067	-0.000000	-0.972938	-0.923987	0.313198	0.219442	0.304723	0.949688	-0.072370
149	-8.342206	2.500031	-2.234089	-0.227802	-0.000000	-0.973707	-0.923546	0.316825	0.216067	0.308495	0.948484	-0.072174
150	-8.353517	2.500031	-2.282792	-0.224525	-0.000000	-0.974468	-0.923075	0.320465	0.212683	0.312283	0.947261	-0.071952
151	-8.364662	2.500031	-2.331533	-0.221242	0.000000	-0.975219	-0.922576	0.324112	0.209299	0.316080	0.946019	-0.071707
152	-8.375645	2.500031	-2.380311	-0.217950	0.000000	-0.975960	-0.922046	0.327769	0.205910	0.319890	0.944758	-0.071437
153	-8.386465	2.500031	-2.429128	-0.214645	-0.000000	-0.976692	-0.921487	0.331438	0.202513	0.323713	0.943477	-0.071142
154	-8.397118	2.500031	-2.477981	-0.211324	-0.000000	-0.977416	-0.920899	0.335116	0.199105	0.327548	0.942177	-0.070818
155	-8.407603	2.500031	-2.526868	-0.207987	-0.000000	-0.978132	-0.920284	0.338800	0.195686	0.331391	0.940859	-0.070466
156	-8.417918	2.500031	-2.575791	-0.204626	0.000000	-0.978840	-0.919641	0.342492	0.192251	0.335245	0.939521	-0.070083
157	-8.428068	2.500031	-2.624750	-0.201246	0.000000	-0.979541	-0.918969	0.346193	0.188802	0.339111	0.938163	-0.069670
158	-8.438049	2.500031	-2.673745	-0.197848	-0.000000	-0.980233	-0.918269	0.349901	0.185342	0.342985	0.936787	-0.069227
159	-8.447860	2.500031	-2.722774	-0.194435	-0.000000	-0.980915	-0.917539	0.353616	0.181873	0.346868	0.935391	-0.068756
160	-8.457498	2.500031	-2.771836	-0.191007	-0.000000	-0.981589	-0.916779	0.357339	0.178396	0.350760	0.933975	-0.068255
161	-8.466963	2.500031	-2.820930	-0.187567	0.000000	-0.982252	-0.915988	0.361068	0.174914	0.354660	0.932539	-0.067724
162	-8.476258	2.500031	-2.870058	-0.184113	0.000000	-0.982905	-0.915167	0.364805	0.171424	0.358569	0.931084	-0.067165
163	-8.485381	2.500031	-2.919220	-0.180643	-0.000000	-0.983549	-0.914315	0.368549	0.167927	0.362486	0.929608	-0.066576
164	-8.494331	2.500031	-2.968414	-0.177159	-0.000000	-0.984182	-0.913432	0.372299	0.164423	0.366410	0.928113	-0.065956
165	-8.503104	2.500031	-3.017637	-0.173660	-0.000000	-0.984806	-0.912518	0.376056	0.160913	0.370342	0.926597	-0.065306
166	-8.511700	2.500031	-3.066891	-0.170150	0.000000	-0.985418	-0.911572	0.379818	0.157399	0.374279	0.925061	-0.064626
167	-8.520122	2.500031	-3.116177	-0.166627	0.000000	-0.986020	-0.910595	0.383586	0.153881	0.378224	0.923505	-0.063916
168	-8.528368	2.500031	-3.165493	-0.163089	-0.000000	-0.986611	-0.909585	0.387361	0.150357	0.382175	0.921928	-0.063174
169	-8.536437	2.500031	-3.214839	-0.159536	-0.000000	-0.987192	-0.908544	0.391139	0.146826	0.386130	0.920331	-0.062401
170	-8.544326	2.500031	-3.264212	-0.155967	-0.000000	-0.987762	-0.907473	0.394920	0.143289	0.390087	0.918715	-0.061594
171	-8.552035	2.500031	-3.313612	-0.152373	0.000000	-0.988323	-0.906370	0.398707	0.139738	0.394051	0.917078	-0.060752
172	-8.559566	2.500031	-3.363042	-0.148758	0.000000	-0.988874	-0.905236	0.402497	0.136176	0.398019	0.915421	-0.059875
173	-8.566917	2.500031	-3.412500	-0.145127	-0.000000	-0.989413	-0.904070	0.406290	0.132609	0.401989	0.913744	-0.058964
174	-8.574087	2.500031	-3.461984	-0.141482	-0.000000	-0.989941	-0.902872	0.410088	0.129038	0.405963	0.912046	-0.058020
175	-8.581073	2.500031	-3.511493	-0.137828	-0.000000	-0.990456	-0.901638	0.413893	0.125468	0.409942	0.910326	-0.057046
176	-8.587874	2.500031	-3.561026	-0.134177	0.000000	-0.990957	-0.900370	0.417697	0.121911	0.413920	0.908586	-0.056045
177	-8.594494	2.500031	-3.610586	-0.130522	0.000000	-0.991445	-0.899067	0.421508	0.118361	0.417902	0.906825	-0.055016
178	-8.600932	2.500031	-3.660172	-0.126856	-0.000000	-0.991921	-0.897730	0.425324	0.114810	0.421888	0.905041	-0.053955
179	-8.607185	2.500031	-3.709780	-0.123174	-0.000000	-0.992385	-0.896360	0.429141	0.111255	0.425873	0.903238	-0.052859
180	-8.613252	2.500031	-3.759410	-0.119474	-0.000000	-0.992837	-0.894960	0.432953	0.107695	0.429852	0.901416	-0.051727
181	-8.619132	2.500031	-3.809061	-0.115734	0.000000	-0.993280	-0.893527	0.436773	0.104111	0.433838	0.899572	-0.050549
182	-8.624827	2.500031	-3.858736	-0.111966	0.000000	-0.993712	-0.892063	0.440591	0.100513	0.437820	0.897708	-0.049331
183	-8.630334	2.500031	-3.908433	-0.108181	-0.000000	-0.994131	-0.890568	0.444406	0.096911	0.441798	0.895825	-0.048076
184	-8.635653	2.500031	-3.958150	-0.104384	-0.000000	-0.994537	-0.889037	0.448226	0.093311	0.445777	0.893921	-0.046788
185	-8.640780	2.500031	-4.007886	-0.100581	-0.000000	-0.994929	-0.887468	0.452053	0.089717	0.449761	0.891991	-0.045468
186	-8.645717	2.500031	-4.057639	-0.096798	0.000000	-0.995304	-0.885865	0.455873	0.086155	0.453733	0.890045	-0.044127
187	-8.650466	2.500031	-4.107414	-0.093017	0.000000	-0.995664	-0.884224	0.459699	0.082606	0.457706	0.888075	-0.042760
188	-8.655027	2.500031	-4.157207	-0.089228	-0.000000	-0.996011	-0.882547	0.463530	0.079063	0.461681	0.886081	-0.041360
189	-8.659396	2.500031	-4.207017	-0.085424	-0.000000	-0.996345	-0.880836	0.467359	0.075521	0.465651	0.884067	-0.039924
190	-8.663572	2.500031	-4.256841	-0.081602	-0.000000	-0.996665	-0.879095	0.471180	0.071976	0.469609	0.882037	-0.038450
191	-8.667555	2.500031	-4.306680	-0.077740	0.000000	-0.996974	-0.877319	0.475007	0.068410	0.473569	0.879982	-0.036927
192	-8.671346	2.500031	-4.356536	-0.073851	0.000000	-0.997269	-0.875511	0.478829	0.064834	0.477522	0.877908	-0.035362
193	-8.674943	2.500031	-4.406408	-0.069946	-0.000000	-0.997551	-0.873670	0.482647	0.061260	0.481464	0.875815	-0.033759
194	-8.678346	2.500031	-4.456293	-0.066030	-0.000000	-0.997818	-0.871794	0.486463	0.057691	0.485402	0.873701	-0.032122
195	-8.681551	2.500031	-4.506189	-0.062109	-0.000000	-0.998069	-0.869880	0.490284	0.054132	0.489337	0.871563	-0.030451
196	-8.684561	2.500031	-4.556097	-0.058199	0.000000	-0.998305	-0.867933	0.494097	0.050598	0.493260	0.869407	-0.028756
197	-8.687376	2.500031	-4.606018	-0.054285	0.000000	-0.998525	-0.865949	0.497912	0.047078	0.497178	0.867228	-0.027029
198	-8.689997	2.500031	-4.655951	-0.050364	-0.000000	-0.998731	-0.863928	0.501727	0.043566	0.501090	0.865026	-0.025269
199	-8.692420	2.500031	-4.705893	-0.046432	-0.000000	-0.998921	-0.861873	0.505539	0.040061	0.504994	0.862804	-0.023473
200	-8.694644	2.500031	-4.755842	-0.042487	-0.000000	-0.999097	-0.859785	0.509345	0.036563	0.508885	0.860562	-0.021641
201	-8.696669	2.500031	-4.805799	-0.038521	0.000000	-0.999258	-0.857662	0.513150	0.033063	0.512769	0.858299	-0.019767
202	-8.698497	2.500031	-4.855766	-0.034541	0.000000	-0.999403	-0.855504	0.516951	0.029568	0.516643	0.856015	-0.017856
203	-8.700126	2.500031	-4.905741	-0.030549	-0.000000	-0.999533	-0.853312	0.520747	0.026080	0.520504	0.853711	-0.015908
204	-8.701555	2.500031	-4.955722	-0.026547	-0.000000	-0.999648	-0.851087	0.524539	0.022602	0.524354	0.851387	-0.013925
205	-8.702783	2.500031	-5.005706	-0.022537	-0.000000	-0.999746	-0.848826	0.528325	0.019135	0.528191	0.849042	-0.011907
206	-8.703810	2.500031	-5.055693	-0.018515	0.000000	-0.999829	-0.846531	0.532109	0.015677	0.532017	0.846676	-0.009852
207	-8.704638	2.500031	-5.105687	-0.014482	0.000000	-0.999895	-0.844201	0.535887	0.012227	0.535830	0.844290	-0.007761
208	-8.705264	2.500031	-5.155684	-0.010440	-0.000000	-0.999945	-0.841837	0.539660	0.008790	0.539630	0.841883	-0.005634
209	-8.705688	2.500031	-5.205684	-0.006391	-0.000000	-0.999980	-0.839438	0.543429	0.005365	0.543418	0.839455	-0.003473
210	-8.705908	2.500031	-5.255682	-0.002337	-0.000000	-0.999997	-0.837003	0.547195	0.001956	0.547194	0.837005	-0.001279
211	-8.705925	2.500031	-5.305680	0.001711	0.000000	-0.999999	-0.834536	0.550952	-0.001428	0.550951	0.834537	0.000943
212	-8.705740	2.500031	-5.355680	0.005763	0.000000	-0.999983	-0.832033	0.554706	-0.004795	0.554697	0.832047	0.003197
213	-8.705352	2.500031	-5.405680	0.009821	-0.000000	-0.999952	-0.829495	0.558455	-0.008146	0.558429	0.829535	0.005484
214	-8.704761	2.500031	-5.455678	0.013887	-0.000000	-0.999904	-0.826924	0.562197	-0.011485	0.562143	0.827004	0.007807
215	-8.703964	2.500031	-5.505670	0.017965	-0.000000	-0.999839	-0.824323	0.565926	-0.014811	0.565835	0.824456	0.010167
216	-8.702963	2.500031	-5.555658	0.022072	0.000000	-0.999756	-0.821684	0.569655	-0.018140	0.569516	0.821884	0.012573
217	-8.701758	2.500031	-5.605644	0.026193	0.000000	-0.999657	-0.819014	0.573372	-0.021460	0.573176	0.819295	0.015018
218	-8.700347	2.500031	-5.655626	0.030324	-0.000000	-0.999540	-0.816311	0.577081	-0.024765	0.576815	0.816687	0.017499
219	-8.698730	2.500031	-5.705600	0.034459	-0.000000	-0.999406	-0.813575	0.580783	-0.028051	0.580439	0.814058	0.020013
220	-8.696906	2.500031	-5.755566	0.038594	-0.000000	-0.999255	-0.810801	0.584484	-0.031315	0.584048	0.811406	0.022557
221	-8.694875	2.500031	-5.805523	0.042710	0.000000	-0.999088	-0.808001	0.588168	-0.034541	0.587631	0.808739	0.025121
222	-8.692639	2.500031	-5.855473	0.046826	0.000000	-0.998903	-0.805165	0.591849	-0.037744	0.591200	0.806049	0.027714
223	-8.690197	2.500031	-5.905415	0.050945	0.000000	-0.998701	-0.802294	0.595524	-0.040926	0.594751	0.803337	0.030339
224	-8.687549	2.500031	-5.955346	0.055069	-0.000000	-0.998483	-0.799392	0.599190	-0.044089	0.598281	0.800607	0.032997
225	-8.684692	2.500031	-6.005263	0.059201	-0.000000	-0.998246	-0.796461	0.602843	-0.047234	0.601785	0.797860	0.035689
226	-8.681628	2.500031	-6.055167	0.063350	0.000000	-0.997991	-0.793494	0.606490	-0.050369	0.605272	0.795091	0.038422
227	-8.678357	2.500031	-6.105060	0.067508	0.000000	-0.997719	-0.790497	0.610127	-0.053487	0.608735	0.792304	0.041189
228	-8.674877	2.500031	-6.154941	0.071672	-0.000000	-0.997428	-0.787468	0.613752	-0.056585	0.612174	0.789499	0.043989
229	-8.671190	2.500031	-6.204806	0.075839	-0.000000	-0.997120	-0.784410	0.617367	-0.059660	0.615589	0.786675	0.046820
230	-8.667294	2.500031	-6.254652	0.080007	-0.000000	-0.996794	-0.781321	0.620971	-0.062712	0.618981	0.783833	0.049682
231	-8.663190	2.500031	-6.304481	0.084180	0.000000	-0.996451	-0.778200	0.624566	-0.065742	0.622350	0.780972	0.052576
232	-8.658878	2.500031	-6.354296	0.088356	0.000000	-0.996089	-0.775049	0.628151	-0.068749	0.625694	0.778092	0.055501
233	-8.654357	2.500031	-6.404093	0.092535	-0.000000	-0.995709	-0.771867	0.631724	-0.071733	0.629014	0.775193	0.058457
234	-8.649628	2.500031	-6.453869	0.096715	-0.000000	-0.995312	-0.768655	0.635288	-0.074691	0.632310	0.772275	0.061442
235	-8.644689	2.500031	-6.503623	0.100893	-0.000000	-0.994897	-0.765412	0.638843	-0.077621	0.635583	0.769337	0.064455
236	-8.639541	2.500031	-6.553356	0.105060	0.000000	-0.994466	-0.762144	0.642382	-0.080517	0.638827	0.766385	0.067489
237	-8.634185	2.500031	-6.603069	0.109226	0.000000	-0.994017	-0.758844	0.645913	-0.083385	0.642048	0.763411	0.070551
238	-8.628620	2.500031	-6.652760	0.113393	0.000000	-0.993550	-0.755514	0.649433	-0.086226	0.645244	0.760419	0.073641
239	-8.622846	2.500031	-6.702426	0.117561	-0.000000	-0.993066	-0.752158	0.652940	-0.089042	0.648412	0.757410	0.076760
240	-8.616863	2.500031	-6.752065	0.121731	-0.000000	-0.992563	-0.748776	0.656430	-0.091832	0.651549	0.754387	0.079908
241	-8.610672	2.500031	-6.801679	0.125918	0.000000	-0.992041	-0.745361	0.659914	-0.094607	0.654661	0.751341	0.083095
242	-8.604271	2.500031	-6.851268	0.130108	0.000000	-0.991500	-0.741921	0.663381	-0.097357	0.657743	0.748281	0.086311
243	-8.597661	2.500031	-6.900831	0.134299	-0.000000	-0.990941	-0.738454	0.666835	-0.100080	0.660794	0.745205	0.089555
244	-8.590841	2.500031	-6.950364	0.138488	-0.000000	-0.990364	-0.734960	0.670277	-0.102774	0.663818	0.742111	0.092826
245	-8.583813	2.500031	-6.999866	0.142673	0.000000	-0.989770	-0.731438	0.673708	-0.105435	0.666816	0.738998	0.096120
246	-8.576576	2.500031	-7.049338	0.146844	0.000000	-0.989160	-0.727894	0.677121	-0.108058	0.669781	0.735871	0.099431
247	-8.569130	2.500031	-7.098781	0.151012	0.000000	-0.988532	-0.724323	0.680524	-0.110650	0.672720	0.732726	0.102767
248	-8.561476	2.500031	-7.148194	0.155177	0.000000	-0.987887	-0.720725	0.683914	-0.113211	0.675630	0.729563	0.106128
249	-8.553614	2.500031	-7.197572	0.159339	0.000000	-0.987224	-0.717103	0.687290	-0.115741	0.678509	0.726383	0.109512
250	-8.545543	2.500031	-7.246915	0.163499	0.000000	-0.986544	-0.713457	0.690651	-0.118240	0.681357	0.723189	0.112920
251	-8.537264	2.500031	-7.296223	0.167656	0.000000	-0.985845	-0.709786	0.693998	-0.120709	0.684174	0.719977	0.116353
252	-8.528777	2.500031	-7.345498	0.171811	0.000000	-0.985130	-0.706091	0.697331	-0.123146	0.686961	0.716750	0.119809
253	-8.520081	2.500031	-7.394738	0.175963	0.000000	-0.984397	-0.702373	0.700649	-0.125551	0.689716	0.713506	0.123288
254	-8.511178	2.500031	-7.443940	0.180112	0.000000	-0.983646	-0.698634	0.703950	-0.127924	0.692438	0.710249	0.126790
255	-8.502068	2.500031	-7.493101	0.184258	-0.000000	-0.982878	-0.694873	0.707235	-0.130266	0.695126	0.706978	0.130314
256	-8.492751	2.500031	-7.542224	0.188411	-0.000000	-0.982090	-0.691086	0.710508	-0.132583	0.697783	0.703689	0.133867
257	-8.483226	2.500031	-7.591309	0.192562	-0.000000	-0.981285	-0.687279	0.713763	-0.134868	0.700405	0.700387	0.137443
258	-8.473494	2.500031	-7.640354	0.196708	0.000000	-0.980462	-0.683451	0.717002	-0.137120	0.702994	0.697071	0.141040
259	-8.463555	2.500031	-7.689357	0.200848	0.000000	-0.979622	-0.679601	0.720227	-0.139336	0.705551	0.693738	0.144656
260	-8.453411	2.500031	-7.738315	0.204978	-0.000000	-0.978767	-0.675729	0.723439	-0.141514	0.708078	0.690389	0.148289
261	-8.443060	2.500031	-7.787231	0.209085	0.000000	-0.977897	-0.671845	0.726629	-0.143648	0.710569	0.687030	0.151928
262	-8.432503	2.500031	-7.836104	0.213186	0.000000	-0.977012	-0.667937	0.729807	-0.145745	0.713030	0.683653	0.155584
263	-8.421740	2.500031	-7.884934	0.217279	0.000000	-0.976110	-0.664009	0.732970	-0.147806	0.715459	0.680261	0.159259
264	-8.410774	2.500031	-7.933717	0.221365	0.000000	-0.975191	-0.660064	0.736116	-0.149832	0.717853	0.676856	0.162950
265	-8.399603	2.500031	-7.982451	0.225447	-0.000000	-0.974256	-0.656102	0.739242	-0.151825	0.720211	0.673440	0.166660
266	-8.388228	2.500031	-8.031139	0.229529	-0.000000	-0.973302	-0.652120	0.742354	-0.153786	0.722535	0.670008	0.170392
267	-8.376648	2.500031	-8.079780	0.233605	0.000000	-0.972332	-0.648120	0.745449	-0.155713	0.724823	0.666563	0.174141
268	-8.364863	2.500031	-8.128373	0.237675	0.000000	-0.971345	-0.644105	0.748525	-0.157604	0.727076	0.663106	0.177906
269	-8.352876	2.500031	-8.176916	0.241737	0.000000	-0.970342	-0.640074	0.751584	-0.159459	0.729293	0.659638	0.181685
270	-8.340687	2.500031	-8.225405	0.245790	-0.000000	-0.969323	-0.636028	0.754624	-0.161277	0.731475	0.656157	0.185479
271	-8.328296	2.500031	-8.273844	0.249840	-0.000000	-0.968287	-0.631965	0.757648	-0.163061	0.733621	0.652663	0.189291
272	-8.315702	2.500031	-8.322233	0.253882	-0.000000	-0.967235	-0.627888	0.760654	-0.164810	0.735731	0.649157	0.193117
273	-8.302905	2.500031	-8.370570	0.257916	0.000000	-0.966167	-0.623796	0.763642	-0.166521	0.737806	0.645640	0.196956
274	-8.289908	2.500031	-8.418851	0.261939	0.000000	-0.965084	-0.619690	0.766613	-0.168193	0.739846	0.642109	0.200806
275	-8.276712	2.500031	-8.467076	0.265948	-0.000000	-0.963987	-0.615570	0.769567	-0.169825	0.741853	0.638566	0.204665
276	-8.263315	2.500031	-8.515247	0.269936	-0.000000	-0.962878	-0.611442	0.772500	-0.171414	0.743823	0.635015	0.208526
277	-8.249717	2.500031	-8.563363	0.273914	0.000000	-0.961754	-0.607299	0.775417	-0.172963	0.745761	0.631449	0.212397
278	-8.235921	2.500031	-8.611424	0.277880	0.000000	-0.960616	-0.603143	0.778317	-0.174473	0.747663	0.627872	0.216279
279	-8.221926	2.500031	-8.659426	0.281837	0.000000	-0.959462	-0.598978	0.781197	-0.175946	0.749529	0.624285	0.220170
280	-8.207735	2.500031	-8.707368	0.285784	-0.000000	-0.958294	-0.594803	0.784057	-0.177383	0.751357	0.620689	0.224071
281	-8.193346	2.500031	-8.755251	0.289728	-0.000000	-0.957109	-0.590613	0.786900	-0.178786	0.753149	0.617081	0.227987
282	-8.178759	2.500031	-8.803077	0.293663	-0.000000	-0.955909	-0.586415	0.789723	-0.180151	0.754904	0.613463	0.231912
283	-8.163974	2.500031	-8.850843	0.297586	0.000000	-0.954695	-0.582208	0.792527	-0.181479	0.756622	0.609837	0.235845
284	-8.148995	2.500031	-8.898547	0.301498	0.000000	-0.953467	-0.577993	0.795311	-0.182768	0.758303	0.606201	0.239785
285	-8.133822	2.500031	-8.946187	0.305397	-0.000000	-0.952225	-0.573770	0.798076	-0.184019	0.759948	0.602557	0.243730
286	-8.118455	2.500031	-8.993766	0.309286	-0.000000	-0.950969	-0.569537	0.800822	-0.185232	0.761557	0.598902	0.247683
287	-8.102891	2.500031	-9.041283	0.313164	-0.000000	-0.949699	-0.565298	0.803549	-0.186408	0.763129	0.595239	0.251643
288	-8.087134	2.500031	-9.088737	0.317029	0.000000	-0.948416	-0.561052	0.806256	-0.187544	0.764666	0.591567	0.255607
289	-8.071185	2.500031	-9.136125	0.320881	0.000000	-0.947120	-0.556798	0.808944	-0.188641	0.766167	0.587886	0.259575
290	-8.055045	2.500031	-9.183446	0.324716	-0.000000	-0.945812	-0.552539	0.811613	-0.189698	0.767633	0.584196	0.263544
291	-8.038714	2.500031	-9.230703	0.328532	-0.000000	-0.944493	-0.548278	0.814260	-0.190713	0.769063	0.580500	0.267510
292	-8.022190	2.500031	-9.277895	0.332333	0.000000	-0.943162	-0.544010	0.816890	-0.191688	0.770459	0.576794	0.271480
293	-8.005475	2.500031	-9.325020	0.336121	0.000000	-0.941819	-0.539737	0.819500	-0.192624	0.771820	0.573080	0.275451
294	-7.988573	2.500031	-9.372077	0.339896	0.000000	-0.940463	-0.535461	0.822089	-0.193523	0.773144	0.569359	0.279425
295	-7.971484	2.500031	-9.419063	0.343658	-0.000000	-0.939095	-0.531183	0.824657	-0.194385	0.774431	0.565633	0.283400
296	-7.954206	2.500031	-9.465982	0.347411	-0.000000	-0.937713	-0.526899	0.827206	-0.195210	0.775682	0.561898	0.287381
297	-7.936738	2.500031	-9.512833	0.351152	-0.000000	-0.936319	-0.522613	0.829735	-0.195998	0.776896	0.558157	0.291363
298	-7.919083	2.500031	-9.559614	0.354878	0.000000	-0.934913	-0.518326	0.832243	-0.196748	0.778075	0.554411	0.295345
299	-7.901244	2.500031	-9.606324	0.358589	0.000000	-0.933495	-0.514038	0.834730	-0.197460	0.779217	0.550659	0.299326
300	-7.883222	2.500031	-9.652960	0.362286	-0.000000	-0.932067	-0.509749	0.837197	-0.198135	0.780324	0.546901	0.303305
301	-7.865015	2.500031	-9.699526	0.365970	-0.000000	-0.930627	-0.505458	0.839644	-0.198772	0.781395	0.543137	0.307284
302	-7.846622	2.500031	-9.746022	0.369639	-0.000000	-0.929175	-0.501168	0.842070	-0.199372	0.782431	0.539369	0.311262
303	-7.828045	2.500031	-9.792444	0.373293	0.000000	-0.927713	-0.496878	0.844476	-0.199933	0.783431	0.535594	0.315237
304	-7.809288	2.500031	-9.838793	0.376931	0.000000	-0.926241	-0.492588	0.846861	-0.200457	0.784398	0.531814	0.319208
305	-7.790351	2.500031	-9.885066	0.380550	-0.000000	-0.924760	-0.488301	0.849226	-0.200942	0.785330	0.528030	0.323173
306	-7.771233	2.500031	-9.931265	0.384149	-0.000000	-0.923271	-0.484017	0.851569	-0.201387	0.786229	0.524242	0.327130
307	-7.751932	2.500031	-9.977391	0.387732	0.000000	-0.921772	-0.479735	0.853893	-0.201795	0.787095	0.520448	0.331082
308	-7.732453	2.500031	-10.023442	0.391300	0.000000	-0.920263	-0.475454	0.856197	-0.202165	0.787926	0.516650	0.335030
309	-7.712797	2.500031	-10.069417	0.394851	0.000000	-0.918745	-0.471178	0.858479	-0.202499	0.788723	0.512849	0.338971
310	-7.692966	2.500031	-10.115314	0.398387	-0.000000	-0.917217	-0.466906	0.860739	-0.202798	0.789485	0.509046	0.342908
311	-7.672957	2.500031	-10.161135	0.401911	-0.000000	-0.915679	-0.462636	0.862980	-0.203061	0.790212	0.505238	0.346841
312	-7.652769	2.500031	-10.206879	0.405420	-0.000000	-0.914131	-0.458371	0.865199	-0.203289	0.790905	0.501428	0.350769
313	-7.632407	2.500031	-10.252547	0.408912	0.000000	-0.912574	-0.454111	0.867398	-0.203481	0.791564	0.497616	0.354689
314	-7.611872	2.500031	-10.298135	0.412388	0.000000	-0.911008	-0.449858	0.869575	-0.203638	0.792190	0.493802	0.358602
315	-7.591166	2.500031	-10.343644	0.415847	-0.000000	-0.909434	-0.445610	0.871730	-0.203759	0.792782	0.489986	0.362507
316	-7.570285	2.500031	-10.389075	0.419293	-0.000000	-0.907851	-0.441368	0.873866	-0.203847	0.793340	0.486168	0.366405
317	-7.549232	2.500031	-10.434427	0.422722	-0.000000	-0.906260	-0.437132	0.875980	-0.203899	0.793865	0.482348	0.370296
318	-7.528007	2.500031	-10.479700	0.426134	0.000000	-0.904660	-0.432904	0.878073	-0.203916	0.794358	0.478527	0.374177
319	-7.506613	2.500031	-10.524892	0.429528	0.000000	-0.903053	-0.428683	0.880146	-0.203898	0.794819	0.474704	0.378048
320	-7.485053	2.500031	-10.570003	0.432902	-0.000000	-0.901441	-0.424470	0.882197	-0.203845	0.795249	0.470880	0.381905
321	-7.463322	2.500031	-10.615033	0.436255	-0.000000	-0.899823	-0.420268	0.884227	-0.203756	0.795648	0.467057	0.385749
322	-7.441423	2.500031	-10.659983	0.439590	0.000000	-0.898198	-0.416073	0.886238	-0.203632	0.796017	0.463231	0.389581
323	-7.419357	2.500031	-10.704852	0.442908	0.000000	-0.896567	-0.411887	0.888227	-0.203474	0.796355	0.459405	0.393403
324	-7.397126	2.500031	-10.749638	0.446209	0.000000	-0.894929	-0.407712	0.890195	-0.203283	0.796661	0.455580	0.397213
325	-7.374734	2.500031	-10.794342	0.449493	-0.000000	-0.893284	-0.403546	0.892141	-0.203062	0.796935	0.451756	0.401012
326	-7.352175	2.500031	-10.838963	0.452763	-0.000000	-0.891631	-0.399390	0.894068	-0.202807	0.797178	0.447932	0.404801
327	-7.329451	2.500031	-10.883502	0.456016	-0.000000	-0.889971	-0.395244	0.895973	-0.202521	0.797390	0.444109	0.408578
328	-7.306565	2.500031	-10.927958	0.459252	0.000000	-0.888306	-0.391110	0.897857	-0.202203	0.797572	0.440288	0.412343
329	-7.283519	2.500031	-10.972330	0.462470	0.000000	-0.886635	-0.386988	0.899719	-0.201854	0.797723	0.436469	0.416093
330	-7.260315	2.500031	-11.016618	0.465671	-0.000000	-0.884958	-0.382878	0.901561	-0.201474	0.797844	0.432652	0.419831
331	-7.236950	2.500031	-11.060822	0.468857	-0.000000	-0.883274	-0.378779	0.903382	-0.201063	0.797934	0.428836	0.423557
332	-7.213424	2.500031	-11.104943	0.472026	-0.000000	-0.881585	-0.374693	0.905183	-0.200622	0.797995	0.425023	0.427270
333	-7.189740	2.500031	-11.148979	0.475177	0.000000	-0.879890	-0.370620	0.906962	-0.200150	0.798027	0.421212	0.430968
334	-7.165901	2.500031	-11.192930	0.478310	0.000000	-0.878191	-0.366560	0.908722	-0.199648	0.798031	0.417403	0.434651
335	-7.141908	2.500031	-11.236795	0.481422	-0.000000	-0.876489	-0.362514	0.910460	-0.199115	0.798008	0.413598	0.438315
336	-7.117758	2.500031	-11.280576	0.484512	-0.000000	-0.874784	-0.358483	0.912177	-0.198551	0.797958	0.409796	0.441961
337	-7.093452	2.500031	-11.324271	0.487585	0.000000	-0.873076	-0.354466	0.913875	-0.197958	0.797882	0.405996	0.445591
338	-7.068992	2.500031	-11.367882	0.490639	0.000000	-0.871363	-0.350462	0.915552	-0.197335	0.797778	0.402200	0.449206
339	-7.044382	2.500031	-11.411405	0.493676	0.000000	-0.869646	-0.346474	0.917208	-0.196685	0.797646	0.398409	0.452804
