"No."	"PosX"	"PosY"	"PosZ"	"FrontX"	"FrontY"	"FrontZ"	"LeftX"	"LeftY"	"LeftZ"	"UpX"	"UpY"	"UpZ"
1	-5.291667	2.500031	0.166709	-0.242386	0.000000	-0.970180	-0.970180	0.000000	0.242386	0.000000	1.000000	0.000000
2	-5.303786	2.500031	0.118200	-0.242070	-0.000000	-0.970259	-0.970259	0.000040	0.242070	0.000038	1.000000	-0.000010
3	-5.315906	2.500031	0.069691	-0.241649	-0.000000	-0.970364	-0.970364	0.000088	0.241649	0.000085	1.000000	-0.000021
4	-5.328025	2.500031	0.021182	-0.241123	-0.000000	-0.970495	-0.970495	0.000155	0.241123	0.000150	1.000000	-0.000037
5	-5.340144	2.500031	-0.027327	-0.240489	-0.000000	-0.970652	-0.970652	0.000250	0.240489	0.000243	1.000000	-0.000060
6	-5.352263	2.500031	-0.075836	-0.239747	-0.000000	-0.970835	-0.970835	0.000385	0.239747	0.000374	1.000000	-0.000092
7	-5.364230	2.500031	-0.124383	-0.238850	0.000000	-0.971056	-0.971056	0.000560	0.238850	0.000544	1.000000	-0.000134
8	-5.376137	2.500031	-0.172944	-0.237798	0.000000	-0.971315	-0.971314	0.000767	0.237798	0.000745	1.000000	-0.000182
9	-5.387990	2.500031	-0.221519	-0.236655	-0.000000	-0.971594	-0.971593	0.001008	0.236655	0.000979	0.999999	-0.000239
10	-5.399789	2.500031	-0.270107	-0.235483	-0.000000	-0.971878	-0.971878	0.001284	0.235483	0.001248	0.999999	-0.000302
11	-5.411533	2.500031	-0.318708	-0.234344	-0.000000	-0.972154	-0.972152	0.001596	0.234344	0.001552	0.999999	-0.000374
12	-5.423223	2.500031	-0.367322	-0.233235	0.000000	-0.972420	-0.972419	0.001946	0.233234	0.001893	0.999998	-0.000454
13	-5.434859	2.500031	-0.415950	-0.232118	0.000000	-0.972688	-0.972685	0.002330	0.232117	0.002266	0.999997	-0.000541
14	-5.446439	2.500031	-0.464590	-0.230996	-0.000000	-0.972955	-0.972951	0.002751	0.230995	0.002677	0.999996	-0.000636
15	-5.457963	2.500031	-0.513244	-0.229869	-0.000000	-0.973221	-0.973216	0.003213	0.229868	0.003127	0.999995	-0.000739
16	-5.469430	2.500031	-0.561911	-0.228741	0.000000	-0.973487	-0.973481	0.003720	0.228740	0.003622	0.999993	-0.000851
17	-5.480841	2.500031	-0.610592	-0.227630	0.000000	-0.973748	-0.973739	0.004262	0.227628	0.004150	0.999991	-0.000970
18	-5.492197	2.500031	-0.659285	-0.226517	0.000000	-0.974007	-0.973996	0.004845	0.226514	0.004719	0.999988	-0.001097
19	-5.503497	2.500031	-0.707992	-0.225399	-0.000000	-0.974266	-0.974252	0.005469	0.225396	0.005328	0.999985	-0.001233
20	-5.514740	2.500031	-0.756711	-0.224276	-0.000000	-0.974526	-0.974507	0.006134	0.224272	0.005978	0.999981	-0.001376
21	-5.525926	2.500031	-0.805444	-0.223145	-0.000000	-0.974785	-0.974762	0.006841	0.223140	0.006669	0.999977	-0.001527
22	-5.537054	2.500031	-0.854190	-0.221996	0.000000	-0.975048	-0.975020	0.007596	0.221989	0.007407	0.999971	-0.001686
23	-5.548125	2.500031	-0.902949	-0.220838	0.000000	-0.975310	-0.975276	0.008392	0.220831	0.008185	0.999965	-0.001853
24	-5.559138	2.500031	-0.951721	-0.219675	-0.000000	-0.975573	-0.975532	0.009231	0.219665	0.009005	0.999957	-0.002028
25	-5.570093	2.500031	-1.000506	-0.218505	-0.000000	-0.975836	-0.975786	0.010115	0.218493	0.009870	0.999949	-0.002210
26	-5.580989	2.500031	-1.049304	-0.217329	-0.000000	-0.976098	-0.976039	0.011045	0.217316	0.010781	0.999939	-0.002400
27	-5.591826	2.500031	-1.098115	-0.216142	0.000000	-0.976362	-0.976291	0.012025	0.216127	0.011740	0.999928	-0.002599
28	-5.602605	2.500031	-1.146940	-0.214948	0.000000	-0.976625	-0.976542	0.013047	0.214930	0.012742	0.999915	-0.002804
29	-5.613325	2.500031	-1.195777	-0.213749	-0.000000	-0.976889	-0.976791	0.014117	0.213728	0.013790	0.999900	-0.003018
30	-5.623985	2.500031	-1.244628	-0.212545	-0.000000	-0.977151	-0.977038	0.015239	0.212521	0.014891	0.999884	-0.003239
31	-5.634583	2.500031	-1.293491	-0.211338	0.000000	-0.977413	-0.977281	0.016418	0.211310	0.016047	0.999865	-0.003470
32	-5.645122	2.500031	-1.342368	-0.210144	0.000000	-0.977670	-0.977518	0.017639	0.210111	0.017245	0.999844	-0.003706
33	-5.655601	2.500031	-1.391258	-0.208947	0.000000	-0.977927	-0.977752	0.018913	0.208909	0.018496	0.999821	-0.003952
34	-5.666021	2.500031	-1.440160	-0.207745	-0.000000	-0.978183	-0.977983	0.020240	0.207702	0.019798	0.999795	-0.004205
35	-5.676379	2.500031	-1.489076	-0.206536	-0.000000	-0.978439	-0.978210	0.021617	0.206488	0.021150	0.999766	-0.004465
36	-5.686675	2.500031	-1.538004	-0.205319	-0.000000	-0.978695	-0.978435	0.023043	0.205264	0.022552	0.999734	-0.004731
37	-5.696910	2.500031	-1.586945	-0.204080	0.000000	-0.978954	-0.978660	0.024531	0.204018	0.024014	0.999699	-0.005006
38	-5.707083	2.500031	-1.635899	-0.202832	0.000000	-0.979214	-0.978881	0.026067	0.202763	0.025525	0.999660	-0.005287
39	-5.717194	2.500031	-1.684866	-0.201577	-0.000000	-0.979473	-0.979098	0.027656	0.201500	0.027088	0.999618	-0.005575
40	-5.727243	2.500031	-1.733846	-0.200316	-0.000000	-0.979731	-0.979311	0.029301	0.200230	0.028707	0.999571	-0.005870
41	-5.737227	2.500031	-1.782839	-0.199049	-0.000000	-0.979989	-0.979518	0.031006	0.198954	0.030385	0.999519	-0.006172
42	-5.747149	2.500031	-1.831844	-0.197780	0.000000	-0.980247	-0.979720	0.032766	0.197673	0.032119	0.999463	-0.006480
43	-5.757008	2.500031	-1.880863	-0.196504	0.000000	-0.980503	-0.979917	0.034581	0.196386	0.033907	0.999402	-0.006795
44	-5.766804	2.500031	-1.929894	-0.195222	-0.000000	-0.980759	-0.980107	0.036454	0.195093	0.035753	0.999335	-0.007117
45	-5.776536	2.500031	-1.978938	-0.193936	-0.000000	-0.981014	-0.980291	0.038390	0.193793	0.037661	0.999263	-0.007445
46	-5.786201	2.500031	-2.027995	-0.192644	0.000000	-0.981269	-0.980468	0.040390	0.192487	0.039634	0.999184	-0.007781
47	-5.795802	2.500031	-2.077064	-0.191356	0.000000	-0.981521	-0.980636	0.042445	0.191184	0.041661	0.999099	-0.008122
48	-5.805339	2.500031	-2.126146	-0.190065	0.000000	-0.981772	-0.980796	0.044564	0.189876	0.043752	0.999007	-0.008470
49	-5.814812	2.500031	-2.175241	-0.188767	-0.000000	-0.982022	-0.980948	0.046744	0.188561	0.045904	0.998907	-0.008824
50	-5.824218	2.500031	-2.224348	-0.187462	-0.000000	-0.982272	-0.981093	0.048984	0.187237	0.048115	0.998800	-0.009183
51	-5.833558	2.500031	-2.273468	-0.186147	-0.000000	-0.982522	-0.981229	0.051279	0.185902	0.050383	0.998684	-0.009546
52	-5.842832	2.500031	-2.322600	-0.184807	0.000000	-0.982775	-0.981359	0.053651	0.184541	0.052727	0.998560	-0.009915
53	-5.852040	2.500031	-2.371745	-0.183457	0.000000	-0.983028	-0.981481	0.056076	0.183169	0.055125	0.998426	-0.010288
54	-5.861181	2.500031	-2.420903	-0.182099	-0.000000	-0.983280	-0.981593	0.058564	0.181787	0.057584	0.998284	-0.010665
55	-5.870253	2.500031	-2.470073	-0.180735	-0.000000	-0.983532	-0.981693	0.061121	0.180397	0.060114	0.998130	-0.011047
56	-5.879257	2.500031	-2.519255	-0.179368	0.000000	-0.983782	-0.981781	0.063755	0.179003	0.062721	0.997966	-0.011436
57	-5.888193	2.500031	-2.568450	-0.178009	0.000000	-0.984029	-0.981854	0.066443	0.177616	0.065381	0.997790	-0.011827
58	-5.897063	2.500031	-2.617657	-0.176645	0.000000	-0.984275	-0.981915	0.069202	0.176222	0.068114	0.997603	-0.012224
59	-5.905864	2.500031	-2.666877	-0.175276	-0.000000	-0.984519	-0.981962	0.072032	0.174821	0.070917	0.997402	-0.012626
60	-5.914595	2.500031	-2.716108	-0.173901	-0.000000	-0.984763	-0.981995	0.074930	0.173412	0.073789	0.997189	-0.013031
61	-5.923256	2.500031	-2.765352	-0.172517	0.000000	-0.985006	-0.982013	0.077896	0.171993	0.076729	0.996961	-0.013438
62	-5.931848	2.500031	-2.814608	-0.171124	0.000000	-0.985249	-0.982017	0.080937	0.170563	0.079743	0.996719	-0.013850
63	-5.940370	2.500031	-2.863877	-0.169725	0.000000	-0.985491	-0.982005	0.084047	0.169125	0.082828	0.996462	-0.014265
64	-5.948822	2.500031	-2.913158	-0.168318	-0.000000	-0.985733	-0.981976	0.087226	0.167677	0.085981	0.996189	-0.014682
65	-5.957203	2.500031	-2.962450	-0.166903	-0.000000	-0.985973	-0.981930	0.090471	0.166218	0.089202	0.995899	-0.015100
66	-5.965512	2.500031	-3.011755	-0.165477	0.000000	-0.986214	-0.981867	0.093781	0.164747	0.092488	0.995593	-0.015519
67	-5.973750	2.500031	-3.061071	-0.164026	0.000000	-0.986456	-0.981787	0.097178	0.163250	0.095862	0.995267	-0.015939
68	-5.981917	2.500031	-3.110400	-0.162564	0.000000	-0.986698	-0.981689	0.100634	0.161739	0.099296	0.994923	-0.016359
69	-5.990011	2.500031	-3.159741	-0.161093	-0.000000	-0.986939	-0.981571	0.104162	0.160217	0.102801	0.994560	-0.016780
70	-5.998032	2.500031	-3.209093	-0.159617	-0.000000	-0.987179	-0.981429	0.107774	0.158688	0.106392	0.994175	-0.017203
71	-6.005978	2.500031	-3.258457	-0.158140	0.000000	-0.987417	-0.981262	0.111481	0.157154	0.110079	0.993767	-0.017630
72	-6.013851	2.500031	-3.307833	-0.156683	0.000000	-0.987649	-0.981069	0.115236	0.155639	0.113812	0.993338	-0.018055
73	-6.021652	2.500031	-3.357221	-0.155223	0.000000	-0.987879	-0.980850	0.119081	0.154119	0.117638	0.992884	-0.018484
74	-6.029379	2.500031	-3.406621	-0.153758	-0.000000	-0.988109	-0.980604	0.123009	0.152590	0.121546	0.992406	-0.018914
75	-6.037032	2.500031	-3.456032	-0.152283	-0.000000	-0.988337	-0.980333	0.127008	0.151050	0.125527	0.991902	-0.019342
76	-6.044609	2.500031	-3.505454	-0.150795	0.000000	-0.988565	-0.980037	0.131070	0.149494	0.129571	0.991373	-0.019765
77	-6.052110	2.500031	-3.554888	-0.149277	0.000000	-0.988795	-0.979712	0.135232	0.147906	0.133716	0.990814	-0.020187
78	-6.059537	2.500031	-3.604334	-0.147747	0.000000	-0.989025	-0.979360	0.139458	0.146303	0.137927	0.990228	-0.020604
79	-6.066887	2.500031	-3.653791	-0.146207	-0.000000	-0.989254	-0.978979	0.143757	0.144688	0.142212	0.989613	-0.021019
80	-6.074160	2.500031	-3.703259	-0.144659	-0.000001	-0.989482	-0.978565	0.148136	0.143063	0.146578	0.988967	-0.021430
81	-6.081355	2.500031	-3.752738	-0.143106	0.000000	-0.989707	-0.978115	0.152604	0.141430	0.151034	0.988287	-0.021839
82	-6.088473	2.500031	-3.802229	-0.141551	0.000000	-0.989931	-0.977631	0.157147	0.139792	0.155564	0.987575	-0.022244
83	-6.095514	2.500031	-3.851731	-0.139989	0.000000	-0.990153	-0.977111	0.161769	0.138145	0.160176	0.986829	-0.022646
84	-6.102478	2.500031	-3.901244	-0.138420	-0.000000	-0.990374	-0.976554	0.166475	0.136488	0.164872	0.986046	-0.023044
85	-6.109362	2.500031	-3.950767	-0.136844	-0.000001	-0.990593	-0.975957	0.171266	0.134822	0.169654	0.985225	-0.023437
86	-6.116166	2.500031	-4.000302	-0.135261	0.000000	-0.990810	-0.975318	0.176143	0.133146	0.174524	0.984365	-0.023825
87	-6.122890	2.500031	-4.049848	-0.133677	0.000001	-0.991025	-0.974638	0.181098	0.131467	0.179472	0.983465	-0.024208
88	-6.129536	2.500031	-4.099404	-0.132089	0.000000	-0.991238	-0.973914	0.186141	0.129780	0.184510	0.982523	-0.024587
89	-6.136102	2.500031	-4.148971	-0.130492	-0.000000	-0.991449	-0.973145	0.191266	0.128082	0.189631	0.981538	-0.024959
90	-6.142587	2.500031	-4.198549	-0.128884	-0.000001	-0.991660	-0.972333	0.196465	0.126372	0.194826	0.980511	-0.025322
91	-6.148991	2.500031	-4.248137	-0.127261	0.000000	-0.991869	-0.971477	0.201731	0.124645	0.200091	0.979441	-0.025673
92	-6.155312	2.500031	-4.297736	-0.125605	0.000001	-0.992080	-0.970570	0.207107	0.122882	0.205467	0.978318	-0.026013
93	-6.161553	2.500031	-4.347345	-0.123933	0.000000	-0.992291	-0.969619	0.212542	0.121102	0.210903	0.977152	-0.026341
94	-6.167711	2.500031	-4.396964	-0.122251	-0.000000	-0.992499	-0.968616	0.218056	0.119309	0.216420	0.975936	-0.026658
95	-6.173785	2.500031	-4.446594	-0.120563	-0.000001	-0.992706	-0.967556	0.223670	0.117508	0.222038	0.974665	-0.026967
96	-6.179774	2.500031	-4.496234	-0.118874	0.000000	-0.992909	-0.966431	0.229397	0.115704	0.227770	0.973333	-0.027269
97	-6.185678	2.500031	-4.545884	-0.117210	0.000001	-0.993107	-0.965256	0.235165	0.113923	0.233544	0.971956	-0.027563
98	-6.191501	2.500031	-4.595544	-0.115543	0.000000	-0.993302	-0.964014	0.241043	0.112136	0.239429	0.970514	-0.027851
99	-6.197240	2.500031	-4.645214	-0.113869	-0.000000	-0.993496	-0.962709	0.247015	0.110341	0.245408	0.969012	-0.028128
100	-6.202893	2.500031	-4.694893	-0.112184	-0.000001	-0.993687	-0.961343	0.253062	0.108533	0.251465	0.967450	-0.028390
101	-6.208460	2.500031	-4.744582	-0.110483	0.000000	-0.993878	-0.959919	0.259170	0.106708	0.257583	0.965832	-0.028634
102	-6.213940	2.500031	-4.794280	-0.108745	0.000001	-0.994070	-0.958422	0.265394	0.104846	0.263820	0.964140	-0.028860
103	-6.219335	2.500031	-4.843989	-0.106992	0.000000	-0.994260	-0.956863	0.271681	0.102968	0.270122	0.962387	-0.029068
104	-6.224642	2.500031	-4.893706	-0.105228	-0.000000	-0.994448	-0.955236	0.278043	0.101078	0.276499	0.960569	-0.029258
105	-6.229861	2.500031	-4.943433	-0.103454	-0.000001	-0.994634	-0.953535	0.284492	0.099179	0.282965	0.958679	-0.029433
106	-6.234991	2.500031	-4.993169	-0.101675	0.000000	-0.994818	-0.951753	0.291038	0.097274	0.289530	0.956712	-0.029591
107	-6.240032	2.500031	-5.042914	-0.099898	0.000001	-0.994998	-0.949898	0.297656	0.095370	0.296167	0.954673	-0.029735
108	-6.244985	2.500031	-5.092668	-0.098113	0.000000	-0.995175	-0.947961	0.304361	0.093459	0.302893	0.952557	-0.029862
109	-6.249850	2.500031	-5.142432	-0.096320	-0.000001	-0.995350	-0.945941	0.311153	0.091539	0.309706	0.950360	-0.029971
110	-6.254624	2.500031	-5.192203	-0.094517	-0.000001	-0.995523	-0.943837	0.318029	0.089610	0.316605	0.948081	-0.030060
111	-6.259306	2.500031	-5.241983	-0.092705	0.000000	-0.995694	-0.941646	0.324987	0.087673	0.323588	0.945718	-0.030128
112	-6.263897	2.500031	-5.291772	-0.090883	0.000001	-0.995862	-0.939366	0.332027	0.085728	0.330653	0.943270	-0.030175
113	-6.268397	2.500031	-5.341569	-0.089053	0.000000	-0.996027	-0.936994	0.339151	0.083775	0.337803	0.940732	-0.030202
114	-6.272806	2.500031	-5.391374	-0.087213	-0.000001	-0.996190	-0.934530	0.346352	0.081814	0.345033	0.938104	-0.030207
115	-6.277122	2.500031	-5.441188	-0.085360	-0.000001	-0.996350	-0.931973	0.353626	0.079845	0.352335	0.935387	-0.030186
116	-6.281343	2.500031	-5.491009	-0.083494	0.000000	-0.996508	-0.929322	0.360968	0.077864	0.359708	0.932578	-0.030138
117	-6.285471	2.500031	-5.540838	-0.081600	0.000001	-0.996665	-0.926564	0.368408	0.075861	0.367180	0.929664	-0.030061
118	-6.289507	2.500031	-5.590675	-0.079691	0.000000	-0.996820	-0.923711	0.375906	0.073847	0.374710	0.926658	-0.029956
119	-6.293447	2.500031	-5.640520	-0.077771	-0.000001	-0.996971	-0.920753	0.383478	0.071825	0.382316	0.923550	-0.029824
120	-6.297291	2.500031	-5.690372	-0.075843	-0.000001	-0.997120	-0.917681	0.391139	0.069800	0.390012	0.920332	-0.029666
121	-6.301038	2.500031	-5.740231	-0.073912	0.000000	-0.997265	-0.914487	0.398898	0.067777	0.397807	0.916995	-0.029483
122	-6.304688	2.500031	-5.790097	-0.071996	0.000001	-0.997405	-0.911192	0.406698	0.065774	0.405643	0.913562	-0.029280
123	-6.308243	2.500031	-5.839971	-0.070077	0.000000	-0.997542	-0.907768	0.414597	0.063770	0.413578	0.910005	-0.029053
124	-6.311701	2.500031	-5.889852	-0.068147	-0.000001	-0.997675	-0.904222	0.422573	0.061764	0.421591	0.906329	-0.028798
125	-6.315062	2.500031	-5.939739	-0.066204	-0.000001	-0.997806	-0.900561	0.430605	0.059751	0.429660	0.902541	-0.028509
126	-6.318323	2.500031	-5.989632	-0.064240	0.000000	-0.997934	-0.896789	0.438676	0.057729	0.437770	0.898645	-0.028181
127	-6.321484	2.500031	-6.039531	-0.062231	0.000001	-0.998062	-0.892872	0.446857	0.055673	0.445991	0.894606	-0.027808
128	-6.324548	2.500031	-6.089438	-0.060203	0.000000	-0.998186	-0.888841	0.455068	0.053608	0.454243	0.890457	-0.027396
129	-6.327510	2.500031	-6.139350	-0.058160	-0.000001	-0.998307	-0.884683	0.463336	0.051540	0.462552	0.886183	-0.026948
130	-6.330371	2.500031	-6.189269	-0.056109	-0.000001	-0.998425	-0.880378	0.471684	0.049475	0.470941	0.881767	-0.026467
131	-6.333128	2.500031	-6.239192	-0.054057	0.000000	-0.998538	-0.875917	0.480127	0.047419	0.479425	0.877199	-0.025954
132	-6.335783	2.500031	-6.289121	-0.052028	0.000001	-0.998646	-0.871335	0.488583	0.045396	0.487922	0.872517	-0.025419
133	-6.338338	2.500031	-6.339056	-0.049994	0.000000	-0.998750	-0.866591	0.497129	0.043379	0.496508	0.867676	-0.024853
134	-6.340791	2.500031	-6.388996	-0.047951	-0.000001	-0.998850	-0.861693	0.505741	0.041366	0.505159	0.862686	-0.024251
135	-6.343139	2.500031	-6.438941	-0.045893	-0.000001	-0.998946	-0.856651	0.514394	0.039355	0.513852	0.857554	-0.023608
136	-6.345382	2.500031	-6.488890	-0.043815	0.000000	-0.999040	-0.851470	0.523071	0.037343	0.522569	0.852289	-0.022918
137	-6.347520	2.500031	-6.538844	-0.041697	0.000001	-0.999130	-0.846112	0.531834	0.035312	0.531371	0.846849	-0.022175
138	-6.349554	2.500031	-6.588803	-0.039560	0.000000	-0.999217	-0.840611	0.540617	0.033281	0.540193	0.841269	-0.021386
139	-6.351481	2.500031	-6.638766	-0.037408	-0.000001	-0.999300	-0.834952	0.549435	0.031255	0.549050	0.835536	-0.020554
140	-6.353301	2.500031	-6.688734	-0.035246	-0.000001	-0.999379	-0.829122	0.558303	0.029240	0.557956	0.829637	-0.019679
141	-6.355010	2.500031	-6.738704	-0.033078	0.000000	-0.999453	-0.823109	0.567229	0.027242	0.566919	0.823560	-0.018762
142	-6.356613	2.500031	-6.788678	-0.030915	0.000001	-0.999522	-0.816939	0.576171	0.025269	0.575895	0.817329	-0.017812
143	-6.358108	2.500031	-6.838656	-0.028744	0.000000	-0.999587	-0.810582	0.585161	0.023310	0.584919	0.810917	-0.016820
144	-6.359495	2.500031	-6.888637	-0.026562	-0.000001	-0.999647	-0.804043	0.594187	0.021364	0.593977	0.804327	-0.015784
145	-6.360772	2.500031	-6.938621	-0.024367	-0.000001	-0.999703	-0.797326	0.603236	0.019433	0.603057	0.797563	-0.014700
146	-6.361936	2.500031	-6.988607	-0.022155	0.000000	-0.999755	-0.790432	0.612300	0.017517	0.612150	0.790626	-0.013565
147	-6.362989	2.500031	-7.038595	-0.019920	0.000001	-0.999802	-0.783340	0.621397	0.015608	0.621274	0.783496	-0.012377
148	-6.363932	2.500031	-7.088586	-0.017669	0.000000	-0.999844	-0.776065	0.630504	0.013715	0.630405	0.776186	-0.011140
149	-6.364762	2.500031	-7.138580	-0.015404	-0.000001	-0.999881	-0.768600	0.639620	0.011841	0.639544	0.768691	-0.009854
150	-6.365478	2.500031	-7.188575	-0.013127	-0.000001	-0.999914	-0.760938	0.648748	0.009988	0.648692	0.761003	-0.008517
151	-6.366079	2.500031	-7.238571	-0.010837	0.000000	-0.999941	-0.753073	0.657886	0.008162	0.657847	0.753117	-0.007129
152	-6.366565	2.500031	-7.288568	-0.008537	0.000001	-0.999964	-0.745008	0.667025	0.006361	0.667000	0.745036	-0.005693
153	-6.366938	2.500031	-7.338567	-0.006223	0.000000	-0.999981	-0.736738	0.676163	0.004585	0.676150	0.736752	-0.004207
154	-6.367196	2.500031	-7.388567	-0.003895	-0.000001	-0.999992	-0.728259	0.685296	0.002836	0.685291	0.728264	-0.002670
155	-6.367336	2.500031	-7.438567	-0.001555	-0.000001	-0.999999	-0.719568	0.694421	0.001118	0.694420	0.719569	-0.001081
156	-6.367356	2.500031	-7.488566	0.000798	0.000000	-1.000000	-0.710663	0.703532	-0.000567	0.703532	0.710663	0.000561
157	-6.367259	2.500031	-7.538566	0.003160	0.000001	-0.999995	-0.701545	0.712622	-0.002216	0.712619	0.701548	0.002253
158	-6.367045	2.500031	-7.588566	0.005536	0.000001	-0.999985	-0.692202	0.721694	-0.003832	0.721683	0.692212	0.003996
159	-6.366713	2.500031	-7.638565	0.007926	-0.000001	-0.999969	-0.682640	0.730734	-0.005412	0.730712	0.682662	0.005791
160	-6.366259	2.500031	-7.688563	0.010331	-0.000001	-0.999947	-0.672867	0.739731	-0.006953	0.739691	0.672903	0.007641
161	-6.365683	2.500031	-7.738559	0.012752	0.000000	-0.999919	-0.662887	0.748672	-0.008454	0.748611	0.662941	0.009547
162	-6.364986	2.500031	-7.788554	0.015198	0.000002	-0.999885	-0.652674	0.757574	-0.009919	0.757487	0.652749	0.011514
163	-6.364169	2.500031	-7.838547	0.017661	0.000001	-0.999844	-0.642247	0.766414	-0.011344	0.766295	0.642347	0.013536
164	-6.363229	2.500031	-7.888539	0.020139	-0.000001	-0.999797	-0.631600	0.775190	-0.012723	0.775033	0.631728	0.015611
165	-6.362164	2.500031	-7.938528	0.022630	-0.000002	-0.999744	-0.620730	0.783899	-0.014052	0.783698	0.620889	0.017739
166	-6.360972	2.500031	-7.988513	0.025130	0.000000	-0.999684	-0.609634	0.792535	-0.015325	0.792285	0.609827	0.019917
167	-6.359655	2.500031	-8.038495	0.027631	0.000002	-0.999618	-0.598336	0.801074	-0.016538	0.800769	0.598565	0.022136
168	-6.358215	2.500031	-8.088475	0.030145	0.000001	-0.999546	-0.586799	0.809539	-0.017696	0.809171	0.587066	0.024404
169	-6.356649	2.500031	-8.138451	0.032672	-0.000001	-0.999466	-0.575040	0.817909	-0.018799	0.817473	0.575347	0.026722
170	-6.354955	2.500031	-8.188422	0.035216	-0.000002	-0.999380	-0.563077	0.826166	-0.019843	0.825654	0.563426	0.029093
171	-6.353131	2.500031	-8.238388	0.037780	0.000000	-0.999286	-0.550922	0.834297	-0.020828	0.833701	0.551315	0.031520
172	-6.351178	2.500031	-8.288350	0.040377	0.000002	-0.999185	-0.538529	0.842326	-0.021760	0.841639	0.538969	0.034011
173	-6.349098	2.500031	-8.338307	0.042994	0.000001	-0.999075	-0.525940	0.850221	-0.022633	0.849434	0.526427	0.036555
174	-6.346888	2.500031	-8.388259	0.045628	-0.000001	-0.998958	-0.513144	0.857982	-0.023439	0.857089	0.513679	0.039148
175	-6.344545	2.500031	-8.438204	0.048275	-0.000002	-0.998834	-0.500133	0.865611	-0.024174	0.864602	0.500717	0.041787
176	-6.342067	2.500031	-8.488142	0.050930	0.000000	-0.998702	-0.486906	0.873102	-0.024830	0.871968	0.487538	0.044467
177	-6.339457	2.500031	-8.538073	0.053581	0.000002	-0.998563	-0.473501	0.880427	-0.025406	0.879162	0.474182	0.047175
178	-6.336716	2.500031	-8.587998	0.056245	0.000001	-0.998417	-0.459866	0.887610	-0.025905	0.886205	0.460595	0.049924
179	-6.333842	2.500031	-8.637916	0.058923	-0.000001	-0.998263	-0.446026	0.894632	-0.026328	0.893078	0.446803	0.052714
180	-6.330832	2.500031	-8.687826	0.061618	-0.000002	-0.998100	-0.432007	0.901476	-0.026672	0.899763	0.432829	0.055547
181	-6.327684	2.500031	-8.737726	0.064335	0.000000	-0.997928	-0.417826	0.908128	-0.026937	0.906246	0.418693	0.058425
182	-6.324400	2.500031	-8.787617	0.067090	0.000002	-0.997747	-0.403426	0.914610	-0.027125	0.912549	0.404337	0.061361
183	-6.320980	2.500031	-8.837500	0.069866	0.000001	-0.997556	-0.388861	0.920894	-0.027234	0.918644	0.389813	0.064339
184	-6.317422	2.500031	-8.887374	0.072660	-0.000001	-0.997357	-0.374121	0.926979	-0.027257	0.924529	0.375112	0.067354
185	-6.313723	2.500031	-8.937238	0.075468	-0.000002	-0.997148	-0.359196	0.932866	-0.027187	0.930206	0.360224	0.070401
186	-6.309882	2.500031	-8.987089	0.078284	0.000000	-0.996931	-0.344088	0.938548	-0.027019	0.935668	0.345148	0.073473
187	-6.305901	2.500031	-9.036930	0.081097	0.000002	-0.996706	-0.328841	0.944006	-0.026755	0.940897	0.329927	0.076557
188	-6.301780	2.500031	-9.086760	0.083923	0.000001	-0.996472	-0.313399	0.949255	-0.026394	0.945906	0.314508	0.079665
189	-6.297519	2.500031	-9.136579	0.086765	-0.000001	-0.996229	-0.297790	0.954279	-0.025936	0.950680	0.298917	0.082798
190	-6.293113	2.500031	-9.186385	0.089625	-0.000002	-0.995976	-0.282042	0.959066	-0.025382	0.955207	0.283182	0.085956
191	-6.288560	2.500031	-9.236176	0.092506	0.000000	-0.995712	-0.266177	0.963607	-0.024729	0.959475	0.267323	0.089140
192	-6.283864	2.500031	-9.285954	0.095423	0.000002	-0.995437	-0.250140	0.967913	-0.023977	0.963496	0.251286	0.092361
193	-6.279024	2.500031	-9.335720	0.098362	0.000001	-0.995151	-0.233981	0.971966	-0.023126	0.967253	0.235121	0.095604
194	-6.274037	2.500031	-9.385471	0.101319	-0.000001	-0.994854	-0.217697	0.975765	-0.022172	0.970743	0.218823	0.098863
195	-6.268901	2.500031	-9.435207	0.104292	-0.000002	-0.994547	-0.201283	0.979306	-0.021109	0.973965	0.202387	0.102133
196	-6.263614	2.500031	-9.484926	0.107274	0.000000	-0.994229	-0.184744	0.982584	-0.019933	0.976914	0.185816	0.105406
197	-6.258179	2.500031	-9.534629	0.110261	0.000002	-0.993903	-0.168113	0.985591	-0.018648	0.979582	0.169144	0.108672
198	-6.252597	2.500031	-9.584317	0.113263	0.000001	-0.993565	-0.151349	0.988330	-0.017253	0.981970	0.152329	0.111941
199	-6.246864	2.500031	-9.633988	0.116281	-0.000001	-0.993216	-0.134478	0.990791	-0.015745	0.984070	0.135397	0.115210
200	-6.240979	2.500031	-9.683641	0.119317	-0.000001	-0.992856	-0.117524	0.992970	-0.014125	0.985876	0.118370	0.118478
201	-6.234938	2.500031	-9.733273	0.122372	0.000000	-0.992484	-0.100507	0.994859	-0.012392	0.987382	0.101268	0.121743
202	-6.228744	2.500031	-9.782887	0.125455	0.000002	-0.992099	-0.083393	0.996461	-0.010544	0.988588	0.084057	0.125011
203	-6.222399	2.500031	-9.832484	0.128559	0.000001	-0.991702	-0.066210	0.997769	-0.008583	0.989489	0.066764	0.128272
204	-6.215898	2.500031	-9.882060	0.131682	-0.000001	-0.991292	-0.048966	0.998779	-0.006505	0.990082	0.049396	0.131521
205	-6.209240	2.500031	-9.931615	0.134821	-0.000001	-0.990870	-0.031668	0.999489	-0.004310	0.990364	0.031960	0.134753
206	-6.202422	2.500031	-9.981147	0.137975	0.000000	-0.990436	-0.014326	0.999895	-0.001995	0.990332	0.014464	0.137961
207	-6.195447	2.500031	-10.030657	0.141145	0.000002	-0.989989	0.003055	0.999995	0.000437	0.989984	-0.003087	0.141145
208	-6.188315	2.500031	-10.080147	0.144335	0.000001	-0.989529	0.020481	0.999786	0.002988	0.989317	-0.020698	0.144304
209	-6.181025	2.500031	-10.129614	0.147542	-0.000001	-0.989056	0.037938	0.999264	0.005658	0.988328	-0.038357	0.147433
210	-6.173573	2.500031	-10.179055	0.150765	-0.000001	-0.988570	0.055411	0.998428	0.008449	0.987015	-0.056051	0.150528
211	-6.165956	2.500031	-10.228470	0.154003	0.000000	-0.988070	0.072885	0.997276	0.011360	0.985379	-0.073765	0.153583
212	-6.158177	2.500031	-10.277861	0.157254	0.000002	-0.987558	0.090361	0.995805	0.014390	0.983415	-0.091500	0.156595
213	-6.150237	2.500031	-10.327227	0.160524	0.000001	-0.987032	0.107847	0.994013	0.017540	0.981122	-0.109264	0.159563
214	-6.142134	2.500031	-10.376567	0.163812	-0.000001	-0.986492	0.125320	0.991898	0.020809	0.978499	-0.127036	0.162485
215	-6.133865	2.500031	-10.425879	0.167119	-0.000001	-0.985937	0.142756	0.989462	0.024196	0.975547	-0.144792	0.165358
216	-6.125427	2.500031	-10.475160	0.170447	0.000000	-0.985367	0.160139	0.986706	0.027701	0.972267	-0.162517	0.168181
217	-6.116823	2.500031	-10.524414	0.173810	0.000002	-0.984779	0.177504	0.983621	0.031330	0.968650	-0.180247	0.170963
218	-6.108054	2.500031	-10.573639	0.177197	0.000001	-0.984175	0.194808	0.980214	0.035075	0.964703	-0.197941	0.173691
219	-6.099116	2.500031	-10.622835	0.180603	-0.000001	-0.983556	0.212056	0.976481	0.038938	0.960424	-0.215601	0.176356
220	-6.090006	2.500031	-10.671999	0.184023	-0.000001	-0.982922	0.229250	0.972421	0.042919	0.955814	-0.233233	0.178948
221	-6.080723	2.500031	-10.721128	0.187450	0.000000	-0.982274	0.246379	0.968032	0.047017	0.950873	-0.250825	0.181457
222	-6.071268	2.500031	-10.770225	0.190870	0.000001	-0.981615	0.263404	0.963325	0.051219	0.945615	-0.268337	0.183870
223	-6.061644	2.500031	-10.819291	0.194304	0.000001	-0.980941	0.280379	0.958281	0.055538	0.940018	-0.285827	0.186198
224	-6.051848	2.500031	-10.868323	0.197756	-0.000001	-0.980251	0.297263	0.952911	0.059969	0.934092	-0.303251	0.188444
225	-6.041877	2.500031	-10.917319	0.201229	-0.000001	-0.979544	0.314013	0.947225	0.064507	0.927849	-0.320570	0.190609
226	-6.031728	2.500031	-10.966277	0.204732	0.000000	-0.978818	0.330607	0.941232	0.069151	0.921295	-0.337761	0.192700
227	-6.021405	2.500031	-11.015198	0.208292	0.000001	-0.978067	0.347123	0.934901	0.073926	0.914396	-0.354908	0.194732
228	-6.010905	2.500031	-11.064084	0.211881	0.000000	-0.977295	0.363470	0.928267	0.078802	0.907191	-0.371914	0.196682
229	-6.000228	2.500031	-11.112932	0.215492	-0.000001	-0.976506	0.379670	0.921320	0.083783	0.899674	-0.388804	0.198538
230	-5.989370	2.500031	-11.161739	0.219116	-0.000001	-0.975699	0.395745	0.914050	0.088872	0.891838	-0.405601	0.200283
231	-5.978328	2.500031	-11.210503	0.222738	0.000000	-0.974878	0.411690	0.906457	0.094063	0.883685	-0.422299	0.201902
232	-5.967106	2.500031	-11.259227	0.226336	0.000002	-0.974049	0.427421	0.898580	0.099320	0.875262	-0.438809	0.203381
233	-5.955707	2.500031	-11.307911	0.229946	0.000001	-0.973203	0.443038	0.890370	0.104681	0.866511	-0.455237	0.204737
234	-5.944126	2.500031	-11.356552	0.233572	-0.000000	-0.972340	0.458494	0.881847	0.110137	0.857454	-0.471537	0.205975
235	-5.932361	2.500031	-11.405149	0.237218	-0.000001	-0.971456	0.473741	0.873034	0.115681	0.848114	-0.487660	0.207100
236	-5.920409	2.500031	-11.453698	0.240894	0.000000	-0.970551	0.488752	0.863948	0.121310	0.838506	-0.503582	0.208120
237	-5.908273	2.500031	-11.502201	0.244622	0.000001	-0.969618	0.503600	0.854543	0.127053	0.828581	-0.519380	0.209040
238	-5.895951	2.500031	-11.550660	0.248379	0.000001	-0.968663	0.518214	0.844865	0.132878	0.818390	-0.534979	0.209846
239	-5.883443	2.500031	-11.599072	0.252156	-0.000001	-0.967687	0.532601	0.834910	0.138783	0.807931	-0.550386	0.210528
240	-5.870746	2.500031	-11.647433	0.255948	-0.000001	-0.966690	0.546768	0.824674	0.144766	0.797204	-0.565608	0.211075
241	-5.857856	2.500031	-11.695741	0.259747	0.000000	-0.965677	0.560715	0.814157	0.150821	0.786213	-0.580644	0.211475
242	-5.844778	2.500031	-11.743999	0.263550	0.000001	-0.964646	0.574415	0.803379	0.156936	0.774976	-0.595468	0.211730
243	-5.831512	2.500031	-11.792209	0.267369	0.000001	-0.963594	0.587893	0.792321	0.163123	0.763476	-0.610104	0.211841
244	-5.818055	2.500031	-11.840365	0.271204	-0.000000	-0.962522	0.601130	0.780996	0.169376	0.751726	-0.624536	0.211809
245	-5.804404	2.500031	-11.888466	0.275054	-0.000001	-0.961429	0.614109	0.769418	0.175689	0.739740	-0.638746	0.211632
246	-5.790558	2.500031	-11.936508	0.278920	0.000000	-0.960314	0.626815	0.757600	0.182057	0.727534	-0.652719	0.211310
247	-5.776517	2.500031	-11.984495	0.282803	0.000001	-0.959178	0.639263	0.745532	0.188480	0.715098	-0.666470	0.210838
248	-5.762284	2.500031	-12.032428	0.286704	0.000001	-0.958019	0.651449	0.733216	0.194958	0.702435	-0.679996	0.210215
249	-5.747856	2.500031	-12.080303	0.290623	-0.000000	-0.956838	0.663356	0.720669	0.201483	0.689563	-0.693279	0.209443
250	-5.733230	2.500031	-12.128116	0.294560	-0.000001	-0.955633	0.674968	0.707908	0.208049	0.676500	-0.706304	0.208522
251	-5.718404	2.500031	-12.175865	0.298519	0.000000	-0.954404	0.686278	0.694943	0.214655	0.663256	-0.719065	0.207453
252	-5.703381	2.500031	-12.223554	0.302517	0.000001	-0.953144	0.697312	0.681743	0.221319	0.649799	-0.731592	0.206238
253	-5.688161	2.500031	-12.271182	0.306539	0.000000	-0.951858	0.708037	0.668349	0.228018	0.636174	-0.743847	0.204875
254	-5.672740	2.500031	-12.318746	0.310578	-0.000001	-0.950548	0.718462	0.654756	0.234747	0.622377	-0.755840	0.203354
255	-5.657117	2.500031	-12.366243	0.314630	-0.000001	-0.949214	0.728596	0.640956	0.241502	0.608405	-0.767577	0.201665
256	-5.641288	2.500031	-12.413669	0.318682	0.000000	-0.947862	0.738433	0.626960	0.248270	0.594271	-0.779052	0.199800
257	-5.625258	2.500031	-12.461029	0.322719	0.000001	-0.946495	0.747945	0.612815	0.255021	0.580026	-0.790227	0.197766
258	-5.609028	2.500031	-12.508323	0.326768	0.000001	-0.945105	0.757174	0.598459	0.261792	0.565607	-0.801153	0.195556
259	-5.592595	2.500031	-12.555547	0.330832	0.000000	-0.943690	0.766095	0.583925	0.268572	0.551044	-0.811808	0.193181
260	-5.575956	2.500031	-12.602698	0.334912	-0.000001	-0.942249	0.774687	0.569245	0.275353	0.536371	-0.822168	0.190647
261	-5.559110	2.500031	-12.649771	0.339014	0.000000	-0.940781	0.782939	0.554443	0.282135	0.521609	-0.832222	0.187964
262	-5.542057	2.500031	-12.696772	0.343157	0.000001	-0.939278	0.790880	0.539464	0.288942	0.506707	-0.842008	0.185121
263	-5.524799	2.500031	-12.743701	0.347323	0.000000	-0.937746	0.798486	0.524362	0.295744	0.491718	-0.851496	0.182122
264	-5.507333	2.500031	-12.790553	0.351505	-0.000000	-0.936186	0.805762	0.509137	0.302535	0.476647	-0.860685	0.178964
265	-5.489657	2.500031	-12.837325	0.355700	-0.000000	-0.934600	0.812709	0.493794	0.309309	0.461499	-0.869579	0.175643
266	-5.471770	2.500031	-12.884013	0.359901	0.000000	-0.932991	0.819331	0.478335	0.316057	0.446282	-0.878177	0.172153
267	-5.453673	2.500031	-12.930622	0.364112	0.000001	-0.931355	0.825625	0.462771	0.322778	0.431005	-0.886478	0.168500
268	-5.435368	2.500031	-12.977152	0.368339	0.000000	-0.929692	0.831595	0.447098	0.329474	0.415663	-0.894485	0.164683
269	-5.416852	2.500031	-13.023599	0.372578	-0.000000	-0.928001	0.837238	0.431327	0.336138	0.400272	-0.902196	0.160703
270	-5.398123	2.500031	-13.069960	0.376828	-0.000000	-0.926283	0.842554	0.415468	0.342765	0.384841	-0.909608	0.156560
271	-5.379179	2.500031	-13.116229	0.381084	0.000000	-0.924540	0.847541	0.399540	0.349346	0.369391	-0.916716	0.152258
272	-5.360022	2.500031	-13.162412	0.385344	0.000001	-0.922773	0.852200	0.383549	0.355873	0.353929	-0.923521	0.147798
273	-5.340652	2.500031	-13.208509	0.389616	0.000001	-0.920977	0.856539	0.367476	0.362356	0.338437	-0.930033	0.143174
274	-5.321069	2.500031	-13.254517	0.393901	0.000000	-0.919153	0.860554	0.351344	0.368788	0.322939	-0.936246	0.138394
275	-5.301271	2.500031	-13.300431	0.398197	-0.000000	-0.917300	0.864238	0.335180	0.375163	0.307461	-0.942154	0.133468
276	-5.281255	2.500031	-13.346246	0.402509	0.000000	-0.915416	0.867591	0.318996	0.381480	0.292014	-0.947756	0.128399
277	-5.261023	2.500031	-13.391969	0.406850	0.000000	-0.913495	0.870623	0.302756	0.387756	0.276566	-0.953068	0.123176
278	-5.240576	2.500031	-13.437598	0.411209	0.000000	-0.911541	0.873330	0.286501	0.393971	0.261157	-0.958080	0.117811
279	-5.219911	2.500031	-13.483130	0.415579	0.000000	-0.909557	0.875717	0.270232	0.400117	0.245792	-0.962795	0.112303
280	-5.199028	2.500031	-13.528561	0.419956	-0.000000	-0.907544	0.877792	0.253951	0.406189	0.230472	-0.967217	0.106648
281	-5.177924	2.500031	-13.573886	0.424334	0.000000	-0.905506	0.879560	0.237666	0.412176	0.215208	-0.971347	0.100850
282	-5.156602	2.500031	-13.619110	0.428710	0.000000	-0.903442	0.881022	0.221397	0.418071	0.200020	-0.975184	0.094915
283	-5.135062	2.500031	-13.664234	0.433095	0.000000	-0.901348	0.882182	0.205121	0.423886	0.184886	-0.978737	0.088837
284	-5.113304	2.500031	-13.709254	0.437489	0.000000	-0.899224	0.883042	0.188854	0.429617	0.169822	-0.982005	0.082621
285	-5.091324	2.500031	-13.754165	0.441889	0.000000	-0.897070	0.883604	0.172616	0.435256	0.154848	-0.984989	0.076277
286	-5.069123	2.500031	-13.798962	0.446294	-0.000000	-0.894886	0.883871	0.156423	0.440800	0.139980	-0.987690	0.069811
287	-5.046701	2.500031	-13.843650	0.450707	0.000000	-0.892672	0.883847	0.140264	0.446251	0.125209	-0.990114	0.063218
288	-5.024058	2.500031	-13.888232	0.455129	0.000000	-0.890426	0.883538	0.124139	0.451608	0.110536	-0.992265	0.056499
289	-5.001194	2.500031	-13.932700	0.459558	0.000001	-0.888148	0.882946	0.108065	0.456867	0.095978	-0.994144	0.049662
290	-4.978108	2.500031	-13.977053	0.463993	0.000001	-0.885839	0.882077	0.092062	0.462023	0.081552	-0.995753	0.042716
291	-4.954800	2.500031	-14.021283	0.468435	-0.000000	-0.883498	0.880934	0.076137	0.467075	0.067267	-0.997097	0.035665
292	-4.931269	2.500031	-14.065399	0.472895	-0.000000	-0.881119	0.879517	0.060263	0.472036	0.053098	-0.998183	0.028498
293	-4.907516	2.500031	-14.109398	0.477365	0.000000	-0.878705	0.877836	0.044470	0.476892	0.039076	-0.999011	0.021228
294	-4.883540	2.500031	-14.153277	0.481839	0.000001	-0.876260	0.875897	0.028762	0.481640	0.025203	-0.999586	0.013858
295	-4.859340	2.500031	-14.197031	0.486316	0.000001	-0.873783	0.873708	0.013139	0.486274	0.011481	-0.999914	0.006389
296	-4.834916	2.500031	-14.240656	0.490787	-0.000000	-0.871279	0.871277	-0.002388	0.490786	-0.002080	-0.999997	-0.001172
297	-4.810268	2.500031	-14.284157	0.495253	-0.000000	-0.868749	0.868611	-0.017807	0.495174	-0.015470	-0.999841	-0.008818
298	-4.785398	2.500031	-14.327535	0.499722	0.000000	-0.866186	0.865710	-0.033138	0.499448	-0.028704	-0.999451	-0.016560
299	-4.760305	2.500031	-14.370785	0.504194	0.000001	-0.863591	0.862580	-0.048367	0.503603	-0.041769	-0.998830	-0.024387
300	-4.734987	2.500031	-14.413902	0.508665	0.000001	-0.860965	0.859228	-0.063479	0.507639	-0.054653	-0.997983	-0.032290
301	-4.709445	2.500031	-14.456882	0.513134	-0.000000	-0.858309	0.855663	-0.078460	0.511552	-0.067343	-0.996917	-0.040260
302	-4.683680	2.500031	-14.499730	0.517604	-0.000001	-0.855620	0.851886	-0.093320	0.515346	-0.079846	-0.995636	-0.048302
303	-4.657690	2.500031	-14.542447	0.522077	0.000000	-0.852898	0.847904	-0.108061	0.519020	-0.092165	-0.994144	-0.056416
304	-4.631476	2.500031	-14.585028	0.526550	0.000001	-0.850144	0.843723	-0.122669	0.522574	-0.104286	-0.992448	-0.064593
305	-4.605039	2.500031	-14.627467	0.531021	0.000001	-0.847358	0.839353	-0.137132	0.526005	-0.116199	-0.990553	-0.072821
306	-4.578379	2.500031	-14.669762	0.535490	-0.000000	-0.844541	0.834801	-0.151442	0.529314	-0.127899	-0.988466	-0.081095
307	-4.551494	2.500031	-14.711917	0.539966	-0.000001	-0.841687	0.830063	-0.165622	0.532509	-0.139402	-0.986189	-0.089429
308	-4.524386	2.500031	-14.753933	0.544442	-0.000000	-0.838798	0.825151	-0.179651	0.535584	-0.150691	-0.983730	-0.097810
309	-4.497054	2.500031	-14.795805	0.548916	0.000001	-0.835878	0.820076	-0.193526	0.538538	-0.161764	-0.981095	-0.106231
310	-4.469498	2.500031	-14.837527	0.553384	0.000001	-0.832926	0.814843	-0.207243	0.541370	-0.172617	-0.978289	-0.114686
311	-4.441721	2.500031	-14.879097	0.557844	-0.000001	-0.829946	0.809463	-0.220796	0.544076	-0.183249	-0.975320	-0.123169
312	-4.413720	2.500031	-14.920519	0.562297	-0.000001	-0.826935	0.803940	-0.234185	0.546661	-0.193657	-0.972192	-0.131681
313	-4.385496	2.500031	-14.961794	0.566747	0.000000	-0.823892	0.798276	-0.247418	0.549126	-0.203845	-0.968909	-0.140223
314	-4.357050	2.500031	-15.002917	0.571192	0.000001	-0.820817	0.792481	-0.260485	0.551473	-0.213810	-0.965478	-0.148788
315	-4.328383	2.500031	-15.043883	0.575628	0.000002	-0.817712	0.786562	-0.273382	0.553699	-0.223547	-0.961906	-0.157368
316	-4.299494	2.500031	-15.084688	0.580052	-0.000001	-0.814579	0.780530	-0.286097	0.555806	-0.233049	-0.958201	-0.165951
317	-4.270384	2.500031	-15.125338	0.584464	-0.000001	-0.811419	0.774392	-0.298634	0.557794	-0.242318	-0.954368	-0.174540
318	-4.241052	2.500031	-15.165832	0.588870	0.000000	-0.808228	0.768146	-0.311005	0.559667	-0.251362	-0.950408	-0.183141
319	-4.211499	2.500031	-15.206168	0.593268	0.000002	-0.805005	0.761802	-0.323197	0.561427	-0.260175	-0.946332	-0.191744
320	-4.181727	2.500031	-15.246339	0.597655	0.000002	-0.801753	0.755369	-0.335202	0.563078	-0.268748	-0.942146	-0.200336
321	-4.151738	2.500031	-15.286341	0.602031	-0.000001	-0.798472	0.748856	-0.347012	0.564622	-0.277080	-0.937861	-0.208911
322	-4.121528	2.500031	-15.326181	0.606404	-0.000002	-0.795157	0.742257	-0.358647	0.566063	-0.285181	-0.933473	-0.217483
323	-4.091099	2.500031	-15.365858	0.610768	-0.000000	-0.791810	0.735586	-0.370096	0.567400	-0.293046	-0.928994	-0.226043
324	-4.060451	2.500031	-15.405367	0.615121	0.000002	-0.788433	0.728850	-0.381355	0.568635	-0.300671	-0.924429	-0.234581
325	-4.029587	2.500031	-15.444705	0.619462	0.000002	-0.785027	0.722058	-0.392418	0.569772	-0.308058	-0.919787	-0.243090
326	-3.998508	2.500031	-15.483868	0.623788	-0.000001	-0.781593	0.715216	-0.403285	0.570813	-0.315206	-0.915074	-0.251564
327	-3.967213	2.500031	-15.522860	0.628107	-0.000002	-0.778127	0.708322	-0.413967	0.571762	-0.322120	-0.910292	-0.260014
328	-3.935700	2.500031	-15.561682	0.632416	-0.000000	-0.774629	0.701387	-0.424457	0.572620	-0.328797	-0.905448	-0.268433
329	-3.903972	2.500031	-15.600330	0.636710	0.000002	-0.771103	0.694417	-0.434754	0.573388	-0.335239	-0.900549	-0.276814
330	-3.872031	2.500031	-15.638798	0.640988	0.000002	-0.767551	0.687420	-0.444859	0.574068	-0.341451	-0.895601	-0.285151
331	-3.839879	2.500031	-15.677084	0.645243	-0.000001	-0.763977	0.680406	-0.454765	0.574661	-0.347431	-0.890611	-0.293433
332	-3.807513	2.500031	-15.715193	0.649474	-0.000002	-0.760384	0.673386	-0.464471	0.575167	-0.353177	-0.885588	-0.301661
333	-3.774934	2.500031	-15.753125	0.653689	-0.000000	-0.756763	0.666351	-0.473994	0.575592	-0.358701	-0.880528	-0.309845
334	-3.742144	2.500031	-15.790875	0.657887	0.000002	-0.753116	0.659310	-0.483325	0.575941	-0.363999	-0.875441	-0.317975
335	-3.709145	2.500031	-15.828441	0.662068	0.000003	-0.749444	0.652269	-0.492457	0.576221	-0.369067	-0.870337	-0.326042
336	-3.675941	2.500031	-15.865818	0.666231	-0.000001	-0.745746	0.645237	-0.501384	0.576440	-0.373906	-0.865225	-0.334037
337	-3.642526	2.500031	-15.903010	0.670381	-0.000002	-0.742017	0.638209	-0.510122	0.576597	-0.378520	-0.860102	-0.341975
338	-3.608902	2.500031	-15.940019	0.674515	-0.000000	-0.738261	0.631195	-0.518667	0.576695	-0.382911	-0.854976	-0.349849
